,openTime,type,size,openPrice,S/L,T/P,closeTime,closePrice,swap,profit,balance,days,drawDown,drawDownRate,drawDownPeriod
0,,,,,,,,,,,300000.0,,,,
1,2016-06-09 10:00:00,sell,1.0,1261.14,1264.8,1250.1600000000005,2016-06-09 18:00:00,1264.8,0.0,-395.99999999998545,299604.0,0.0,396.0,0.00132,0.0
2,2016-06-10 13:15:00,sell,1.0,1266.5,1269.11,1258.6700000000003,2016-06-10 14:15:00,1269.11,0.0,-290.99999999999,299313.0,0.0,687.0,0.00229,0.0
3,2016-06-10 04:15:00,sell,1.0,1266.32,1271.02,1252.2199999999998,2016-06-10 17:00:00,1271.02,0.0,-500.00000000000455,298813.0,0.0,1187.0,0.0039566666666666665,0.0
4,2016-06-10 13:45:00,buy,1.0,1267.5,1264.81,1275.5700000000002,2016-06-10 17:45:00,1275.5700000000002,-0.0,777.0000000000164,299590.0,0.0,410.0,0.0013666666666666666,0.0
5,2016-06-09 17:45:00,buy,1.0,1262.67,1257.63,1277.79,2016-06-10 18:00:00,1277.79,-12.09,1494.089999999989,301084.08999999997,1.0,-1084.0899999999674,-0.0036136333333332245,0.0
6,2016-06-10 11:45:00,buy,1.0,1268.49,1264.81,1279.5300000000002,2016-06-13 09:45:00,1279.5300000000002,-12.09,1086.090000000019,302170.18,2.0,-1086.0900000000256,-0.003607264668153092,0.0
7,2016-06-13 06:30:00,sell,1.0,1273.69,1277.89,1261.09,2016-06-13 09:45:00,1277.89,0.0,-450.00000000000455,301720.18,0.0,450.0,0.0014892270309399822,0.0
8,2016-06-13 09:15:00,buy,1.0,1275.47,1273.27,1282.0700000000002,2016-06-13 09:45:00,1282.0700000000002,-0.0,630.0000000000136,302350.18,0.0,-180.0,-0.0005956908123759929,0.0
9,2016-06-13 19:30:00,buy,1.0,1283.69,1278.83,1298.2700000000004,2016-06-14 10:00:00,1278.83,-12.09,-503.91000000001276,301846.26999999996,0.0,503.9100000000326,0.0016666436249518112,1.0
10,2016-06-13 23:45:00,buy,1.0,1284.39,1278.83,1301.0700000000006,2016-06-14 10:00:00,1278.83,-12.09,-573.9100000000172,301272.3599999999,0.0,1077.8200000000652,0.0035648068739369205,1.0
11,2016-06-14 03:45:00,sell,1.0,1283.04,1285.2,1276.5599999999997,2016-06-14 12:00:00,1276.5599999999997,0.0,618.0000000000246,301890.3599999999,0.0,459.8200000000652,0.001520819336042946,1.0
12,2016-06-13 19:15:00,sell,1.0,1281.69,1286.61,1266.9300000000005,2016-06-14 17:00:00,1286.61,6.527,-528.5269999999846,301361.8329999999,0.0,988.347000000067,0.0032688817979207654,1.0
13,2016-06-13 22:15:00,sell,1.0,1282.84,1286.61,1271.53,2016-06-14 17:00:00,1286.61,6.527,-413.52699999999817,300948.3059999999,0.0,1401.874000000069,0.004636590591743881,1.0
14,2016-06-15 04:45:00,sell,1.0,1284.04,1286.23,1277.4699999999998,2016-06-15 10:00:00,1286.23,0.0,-249.00000000000546,300699.3059999999,0.0,1650.874000000069,0.005460138968662327,1.0
15,2016-06-15 09:30:00,buy,1.0,1284.76,1283.27,1289.23,2016-06-15 11:30:00,1283.27,-0.0,-179.0000000000009,300520.3059999999,0.0,1829.874000000069,0.006052167721547475,1.0
16,2016-06-14 21:30:00,buy,1.0,1285.29,1281.11,1297.8300000000002,2016-06-15 12:00:00,1281.11,-12.09,-435.9100000000064,300084.3959999999,0.0,2265.7840000001015,0.0074939065688669395,1.0
17,2016-06-15 12:00:00,sell,1.0,1282.7,1285.84,1273.2800000000004,2016-06-15 19:30:00,1285.84,0.0,-343.99999999998727,299740.3959999999,0.0,2609.7840000001015,0.008631660149830576,1.0
18,2016-06-14 20:45:00,sell,1.0,1282.27,1289.01,1262.05,2016-06-15 22:00:00,1289.01,6.527,-710.527000000001,299029.8689999999,1.0,3320.3110000001034,0.01098167363419497,1.0
19,2016-06-14 15:15:00,buy,1.0,1282.16,1277.97,1294.7300000000002,2016-06-15 22:15:00,1294.7300000000002,-12.09,1239.0900000000163,300268.9589999999,1.0,2081.2210000000778,0.006883478620717467,1.0
20,2016-06-15 18:30:00,buy,1.0,1282.86,1278.88,1294.7999999999993,2016-06-15 22:15:00,1294.7999999999993,-0.0,1163.9999999999372,301432.95899999986,0.0,917.221000000136,0.0030336380153639596,1.0
21,2016-06-17 12:00:00,buy,1.0,1283.6,1278.59,1298.6299999999999,2016-06-17 23:45:00,1298.6299999999999,-0.0,1472.9999999999973,302905.95899999986,0.0,-555.778999999864,-0.001838196358936727,0.0
22,2016-06-20 12:15:00,buy,1.0,1287.95,1280.95,1308.95,2016-06-20 13:00:00,1280.95,-0.0,-730.0,302175.95899999986,0.0,730.0,0.0024099889035197235,2.0
23,2016-06-20 13:45:00,sell,1.0,1284.14,1287.95,1272.7100000000003,2016-06-20 19:00:00,1287.95,0.0,-410.99999999999454,301764.95899999986,0.0,1141.0,0.0037668456697479515,2.0
24,2016-06-20 03:30:00,sell,1.0,1291.37,1298.62,1269.62,2016-06-21 15:00:00,1269.62,6.527,2138.473,303903.43199999986,1.0,-997.4729999999981,-0.0032930121391240067,0.0
25,2016-06-20 19:30:00,buy,1.0,1285.98,1278.18,1309.3799999999999,2016-06-21 15:00:00,1278.18,-12.09,-797.9099999999954,303105.5219999999,0.0,797.9099999999744,0.002625537970232514,0.0
26,2016-06-16 20:45:00,sell,1.0,1302.38,1313.4,1269.3200000000002,2016-06-21 18:15:00,1269.3200000000002,19.581,3256.4189999999944,306361.9409999999,4.0,-2458.50900000002,-0.008089770437340837,0.0
27,2016-06-21 07:00:00,sell,1.0,1286.71,1293.72,1265.68,2016-06-21 18:15:00,1265.68,0.0,2072.9999999999973,308434.9409999999,0.0,-2073.0,-0.006766506287411205,0.0
28,2016-06-22 07:15:00,buy,1.0,1269.09,1265.56,1279.6799999999998,2016-06-22 09:30:00,1265.56,-0.0,-382.99999999999727,308051.9409999999,0.0,383.0,0.0012417529569063973,0.0
29,2016-06-22 08:00:00,sell,1.0,1268.34,1270.38,1262.2199999999993,2016-06-22 09:45:00,1262.2199999999993,0.0,582.0000000000573,308633.94099999993,0.0,-199.0000000000582,-0.0006451927896199617,0.0
30,2016-06-22 16:30:00,buy,1.0,1268.25,1264.18,1280.4599999999998,2016-06-22 16:45:00,1264.18,-0.0,-436.99999999999363,308196.94099999993,0.0,437.0,0.0014159168579582766,0.0
31,2016-06-22 17:00:00,sell,1.0,1264.3,1268.25,1252.4499999999998,2016-06-22 17:30:00,1268.25,0.0,-425.00000000000455,307771.94099999993,0.0,862.0,0.0027929527037987055,0.0
32,2016-06-22 19:45:00,buy,1.0,1268.59,1264.18,1281.8199999999995,2016-06-22 21:45:00,1264.18,-0.0,-470.99999999998545,307300.94099999993,0.0,1333.0,0.004319032429424216,0.0
33,2016-06-23 06:30:00,buy,1.0,1265.37,1261.08,1278.2399999999998,2016-06-23 09:15:00,1261.08,-0.0,-458.99999999999636,306841.94099999993,0.0,1792.0,0.00580623114293188,0.0
34,2016-06-22 22:00:00,sell,1.0,1264.3,1268.59,1251.43,2016-06-23 10:00:00,1268.59,19.581,-478.5809999999964,306363.3599999999,0.0,2270.5810000000056,0.007356873947962859,0.0
35,2016-06-23 09:00:00,sell,1.0,1262.73,1266.25,1252.17,2016-06-23 10:00:00,1266.25,0.0,-381.9999999999982,305981.3599999999,0.0,2652.5810000000056,0.008594586167047669,0.0
36,2016-06-23 10:15:00,buy,1.0,1267.24,1261.08,1285.7200000000003,2016-06-23 14:30:00,1261.08,-0.0,-646.0000000000082,305335.3599999999,0.0,3298.5810000000056,0.01068768065272512,0.0
37,2016-06-23 19:45:00,buy,1.0,1266.83,1258.95,1290.4699999999996,2016-06-23 23:45:00,1258.95,-0.0,-817.9999999999882,304517.3599999999,0.0,4116.581000000006,0.013338069645425053,0.0
38,2016-06-23 14:45:00,sell,1.0,1258.95,1270.13,1225.4099999999999,2016-06-24 03:15:00,1270.13,6.527,-1154.5270000000064,303362.8329999999,0.0,5271.108000000007,0.01707883450187356,0.0
39,2016-06-23 20:30:00,sell,1.0,1261.74,1266.83,1246.4700000000003,2016-06-24 03:15:00,1266.83,6.527,-545.5269999999919,302817.3059999999,0.0,5816.635000000009,0.01884638799334131,0.0
40,2016-06-24 04:00:00,buy,1.0,1267.25,1251.26,1315.22,2016-06-24 07:30:00,1315.22,-0.0,4767.000000000003,307584.3059999999,0.0,1049.6350000000093,0.0034009059295264273,0.0
41,2016-06-24 20:00:00,buy,1.0,1319.81,1310.05,1349.09,2016-06-25 00:45:00,1310.05,-12.09,-993.9099999999991,306590.39599999995,0.0,2043.5449999999837,0.006621258159030487,0.0
42,2016-06-24 21:30:00,buy,1.0,1318.96,1310.05,1345.6900000000003,2016-06-25 00:45:00,1310.05,-12.09,-908.9100000000082,305681.4859999999,0.0,2952.4550000000163,0.00956620321936665,0.0
43,2016-06-24 23:15:00,buy,1.0,1319.19,1310.05,1346.6100000000004,2016-06-25 00:45:00,1310.05,-12.09,-931.91000000001,304749.5759999999,0.0,3884.365000000049,0.012585670219595354,0.0
44,2016-06-27 02:00:00,sell,1.0,1319.57,1319.81,1318.85,2016-06-27 02:00:00,1319.81,0.0,-54.00000000000091,304695.5759999999,0.0,3938.365000000049,0.012760634774125668,2.0
45,2016-06-24 19:00:00,sell,1.0,1315.77,1330.0,1273.08,2016-06-27 03:00:00,1330.0,6.527,-1459.5270000000019,303236.0489999999,2.0,5397.892000000051,0.01748962535523613,2.0
46,2016-06-24 21:00:00,sell,1.0,1315.84,1330.0,1273.3599999999997,2016-06-27 03:00:00,1330.0,6.527,-1452.5270000000082,301783.5219999999,2.0,6850.419000000053,0.022195935345944516,2.0
47,2016-06-24 22:30:00,sell,1.0,1315.13,1330.0,1270.5200000000004,2016-06-27 03:00:00,1330.0,6.527,-1523.5269999999891,300259.9949999999,2.0,8373.946000000054,0.02713229132501683,2.0
48,2016-06-27 11:30:00,sell,1.0,1323.93,1329.12,1308.3600000000006,2016-06-27 14:45:00,1329.12,0.0,-548.9999999999827,299710.9949999999,0.0,8922.946000000054,0.02891109762940835,2.0
49,2016-06-27 14:45:00,buy,1.0,1328.51,1323.93,1342.2499999999998,2016-06-27 17:15:00,1323.93,-0.0,-487.9999999999927,299222.9949999999,0.0,9410.946000000054,0.030492258788867476,2.0
50,2016-06-27 23:15:00,buy,1.0,1326.43,1319.43,1347.43,2016-06-28 05:15:00,1319.43,-12.09,-717.91,298505.0849999999,0.0,10128.856000000029,0.032818347739661045,2.0
51,2016-06-27 02:15:00,buy,1.0,1326.63,1313.81,1365.0900000000006,2016-06-28 08:15:00,1313.81,-12.09,-1299.9100000000165,297205.1749999999,1.0,11428.766000000061,0.03703016577817041,2.0
52,2016-06-27 18:15:00,sell,1.0,1326.72,1332.84,1308.3600000000004,2016-06-28 14:30:00,1308.3600000000004,6.527,1799.4729999999672,299004.6479999998,0.0,9629.293000000122,0.03119972148494233,2.0
53,2016-06-28 03:00:00,sell,1.0,1324.29,1329.68,1308.1199999999997,2016-06-28 14:30:00,1308.1199999999997,0.0,1587.00000000003,300591.64799999987,0.0,8042.293000000063,0.026057707632356823,2.0
54,2016-06-29 00:15:00,sell,1.0,1310.8,1315.57,1296.49,2016-06-29 04:15:00,1315.57,0.0,-506.9999999999982,300084.64799999987,0.0,8549.293000000063,0.027700430394335875,2.0
55,2016-06-28 18:00:00,sell,1.0,1310.99,1316.66,1293.9799999999998,2016-06-29 05:00:00,1316.66,6.527,-603.5270000000073,299481.12099999987,0.0,9152.820000000065,0.029655908777706557,2.0
56,2016-06-29 14:15:00,sell,1.0,1316.18,1322.27,1297.9100000000003,2016-06-29 16:15:00,1322.27,0.0,-638.9999999999918,298842.12099999987,0.0,9791.820000000065,0.03172632267298193,2.0
57,2016-06-29 04:00:00,buy,1.0,1313.89,1310.09,1325.2900000000006,2016-06-29 18:30:00,1325.2900000000006,-0.0,1110.0000000000546,299952.1209999999,0.0,8681.820000000007,0.028129829052080856,2.0
58,2016-06-29 16:45:00,buy,1.0,1321.55,1316.18,1337.6599999999996,2016-06-29 23:45:00,1316.18,-0.0,-566.9999999999891,299385.1209999999,0.0,9248.820000000007,0.029966956874649148,2.0
59,2016-06-30 21:15:00,sell,1.0,1316.74,1320.85,1304.4100000000003,2016-06-30 23:00:00,1320.85,0.0,-440.99999999999,298944.1209999999,0.0,9689.820000000007,0.03139583406998004,2.0
60,2016-06-30 00:00:00,sell,1.0,1317.42,1325.74,1292.4600000000003,2016-07-01 03:15:00,1325.74,6.527,-868.5269999999937,298075.5939999999,1.0,10558.347000000009,0.03420993480428652,2.0
61,2016-06-30 22:15:00,buy,1.0,1319.19,1315.87,1329.1500000000005,2016-07-01 05:45:00,1329.1500000000005,-12.09,978.0900000000491,299053.68399999995,0.0,9580.256999999983,0.031040840709090984,2.0
62,2016-06-30 13:00:00,buy,1.0,1318.53,1313.55,1333.47,2016-07-01 09:30:00,1333.47,-12.09,1476.0900000000054,300529.774,0.0,8104.166999999958,0.026258184611004785,2.0
63,2016-06-28 19:45:00,buy,1.0,1314.94,1307.09,1338.4900000000005,2016-07-01 17:30:00,1338.4900000000005,-60.45,2385.4500000000407,302915.22400000005,2.0,5718.716999999888,0.018529125414627968,2.0
64,2016-06-28 17:45:00,buy,1.0,1316.61,1307.09,1345.1699999999998,2016-07-04 05:00:00,1345.1699999999998,-72.53999999999999,2898.5399999999945,305813.764,5.0,2820.1769999999087,0.009137611342622583,4.0
65,2016-07-05 04:45:00,buy,1.0,1351.79,1347.97,1363.2499999999998,2016-07-05 05:30:00,1347.97,-0.0,-411.99999999999363,305401.764,0.0,3232.1769999999087,0.010472526092002011,5.0
66,2016-07-05 14:15:00,sell,1.0,1344.61,1346.03,1340.3499999999997,2016-07-05 14:30:00,1346.03,0.0,-172.00000000000728,305229.764,0.0,3404.1769999999087,0.01102982059902449,5.0
67,2016-07-05 02:30:00,sell,1.0,1348.69,1352.42,1337.5,2016-07-05 17:30:00,1352.42,0.0,-403.0000000000018,304826.764,0.0,3807.1769999999087,0.012335574589315534,5.0
68,2016-07-05 05:45:00,sell,1.0,1339.57,1351.79,1302.9099999999999,2016-07-05 17:30:00,1351.79,0.0,-1252.0000000000027,303574.764,0.0,5059.176999999909,0.01639216018694428,5.0
69,2016-07-05 14:00:00,buy,1.0,1345.39,1341.48,1357.1200000000003,2016-07-06 00:30:00,1357.1200000000003,-12.09,1155.0900000000245,304729.85400000005,0.0,3904.086999999883,0.0126495711630105,5.0
70,2016-07-05 14:45:00,buy,1.0,1345.41,1341.48,1357.2000000000003,2016-07-06 00:30:00,1357.2000000000003,-12.09,1161.090000000019,305890.9440000001,0.0,2742.9969999998575,0.008887541633017797,5.0
71,2016-07-06 19:00:00,buy,1.0,1372.3,1365.93,1391.4099999999996,2016-07-06 19:15:00,1365.93,-0.0,-666.9999999999891,305223.9440000001,0.0,3409.9969999998575,0.01104867788990148,5.0
72,2016-07-07 04:15:00,buy,1.0,1366.49,1362.51,1378.43,2016-07-07 15:00:00,1362.51,-0.0,-428.0000000000018,304795.9440000001,0.0,3837.9969999998575,0.012435433988771373,5.0
73,2016-07-07 11:00:00,sell,1.0,1366.21,1368.8,1358.4400000000003,2016-07-07 17:00:00,1358.4400000000003,0.0,746.9999999999754,305542.9440000001,0.0,3090.9969999998575,0.01001509098443537,5.0
74,2016-07-06 19:15:00,sell,1.0,1368.72,1374.31,1351.9500000000003,2016-07-07 18:00:00,1351.9500000000003,19.581,1627.4189999999755,307170.36300000007,0.0,1463.577999999863,0.004742116162784129,5.0
75,2016-07-08 04:45:00,sell,1.0,1357.49,1361.07,1346.7500000000002,2016-07-08 16:15:00,1361.07,0.0,-387.9999999999927,306782.36300000007,0.0,1851.577999999863,0.005999268887927863,5.0
76,2016-07-06 18:00:00,sell,1.0,1365.93,1374.31,1340.7900000000004,2016-07-08 16:30:00,1340.7900000000004,26.108,2457.8919999999644,309240.25500000006,1.0,-606.3140000001295,-0.001964508498435464,0.0
77,2016-07-08 00:45:00,buy,1.0,1360.66,1352.63,1384.75,2016-07-08 16:30:00,1352.63,-0.0,-832.9999999999973,308407.25500000006,0.0,833.0,0.0026936984643218583,0.0
78,2016-07-11 09:45:00,sell,1.0,1366.03,1370.95,1351.2699999999998,2016-07-11 17:00:00,1351.2699999999998,0.0,1446.0000000000218,309853.25500000006,0.0,-613.0,-0.001982277501355701,0.0
79,2016-07-12 09:00:00,sell,1.0,1354.0,1356.95,1345.1499999999999,2016-07-12 11:45:00,1356.95,0.0,-325.00000000000455,309528.25500000006,0.0,325.0,0.001048883607822677,0.0
80,2016-07-12 06:30:00,buy,1.0,1356.95,1353.12,1368.4400000000005,2016-07-12 13:15:00,1353.12,-0.0,-413.00000000001546,309115.25500000006,0.0,738.0,0.002381772623301956,0.0
81,2016-07-12 11:45:00,buy,1.0,1355.42,1353.75,1360.4300000000003,2016-07-12 13:15:00,1353.75,-0.0,-197.00000000000728,308918.25500000006,0.0,935.0,0.003017557456351394,0.0
82,2016-07-08 21:30:00,buy,1.0,1356.99,1343.03,1398.8700000000001,2016-07-12 17:30:00,1343.03,-24.18,-1401.8200000000036,307516.43500000006,3.0,2336.820000000007,0.007541699053637525,0.0
83,2016-07-12 13:30:00,sell,1.0,1352.82,1356.66,1341.2999999999995,2016-07-12 17:30:00,1341.2999999999995,0.0,1122.0000000000437,308638.4350000001,0.0,1214.8199999999488,0.003920630106015664,0.0
84,2016-07-13 07:15:00,buy,1.0,1338.31,1329.67,1364.2299999999996,2016-07-14 12:00:00,1329.67,-36.269999999999996,-857.7299999999873,307780.70500000013,1.0,2072.54999999993,0.006688811450439433,1.0
85,2016-07-14 06:30:00,sell,1.0,1340.45,1346.15,1323.35,2016-07-14 15:30:00,1323.35,0.0,1680.0000000000136,309460.70500000013,0.0,392.54999999993015,0.0012668900315406725,1.0
86,2016-07-15 05:30:00,sell,1.0,1330.1,1335.79,1313.0299999999997,2016-07-15 16:00:00,1335.79,0.0,-599.0000000000055,308861.70500000013,0.0,991.5499999999302,0.0032000632041123142,2.0
87,2016-07-15 10:00:00,buy,1.0,1333.34,1326.91,1352.6299999999994,2016-07-15 16:30:00,1326.91,-0.0,-672.9999999999836,308188.70500000013,0.0,1664.5499999999302,0.005372059105849735,2.0
88,2016-07-15 17:00:00,sell,1.0,1329.44,1335.77,1310.4500000000003,2016-07-16 00:30:00,1335.77,6.527,-669.5269999999928,307519.17800000013,0.0,2334.076999999932,0.007532846475987259,2.0
89,2016-07-16 00:30:00,buy,1.0,1332.48,1325.35,1353.8700000000003,2016-07-18 05:15:00,1325.35,-0.0,-743.0000000000109,306776.17800000013,2.0,3077.076999999932,0.009930755770178795,4.0
90,2016-07-18 23:45:00,buy,1.0,1329.23,1327.05,1335.7700000000002,2016-07-19 00:45:00,1327.05,-12.09,-235.91000000000636,306540.2680000001,0.0,3312.9869999999646,0.010692116176091046,4.0
91,2016-07-19 02:30:00,sell,1.0,1327.73,1330.51,1319.39,2016-07-19 06:00:00,1330.51,0.0,-307.99999999999727,306232.2680000001,0.0,3620.9869999999646,0.011686135102889152,4.0
92,2016-07-19 06:15:00,buy,1.0,1331.23,1326.82,1344.4600000000003,2016-07-19 09:45:00,1326.82,-0.0,-471.0000000000082,305761.2680000001,0.0,4091.9869999999646,0.013206209500687556,4.0
93,2016-07-19 10:15:00,sell,1.0,1327.24,1331.23,1315.27,2016-07-19 10:30:00,1331.23,0.0,-429.0000000000009,305332.2680000001,0.0,4520.986999999965,0.01459073586301349,4.0
94,2016-07-18 21:00:00,sell,1.0,1327.91,1334.61,1307.8100000000006,2016-07-19 12:15:00,1334.61,6.527,-706.5269999999819,304625.7410000001,0.0,5227.5139999999665,0.0168709345977339,4.0
95,2016-07-19 18:30:00,buy,1.0,1332.76,1328.92,1344.2799999999997,2016-07-19 19:00:00,1328.92,-0.0,-413.9999999999918,304211.7410000001,0.0,5641.5139999999665,0.0182070509473911,4.0
96,2016-07-19 17:15:00,sell,1.0,1328.92,1333.88,1314.04,2016-07-20 04:00:00,1333.88,6.527,-532.5270000000037,303679.2140000001,0.0,6174.040999999968,0.01992569353515414,4.0
97,2016-07-18 05:30:00,sell,1.0,1325.55,1337.42,1289.9399999999996,2016-07-20 05:45:00,1337.42,13.054,-1230.054000000012,302449.1600000001,2.0,7404.094999999972,0.023895488850036353,4.0
98,2016-07-18 17:15:00,buy,1.0,1329.59,1325.17,1342.8499999999995,2016-07-20 11:00:00,1325.17,-24.18,-447.81999999998453,302001.3400000001,1.0,7851.914999999979,0.025340753641590687,4.0
99,2016-07-19 10:45:00,buy,1.0,1330.29,1326.82,1340.7,2016-07-20 11:00:00,1326.82,-12.09,-364.91000000000275,301636.4300000001,1.0,8216.824999999953,0.026518440156453906,4.0
100,2016-07-20 09:15:00,sell,1.0,1331.14,1333.97,1322.6500000000003,2016-07-20 14:45:00,1322.6500000000003,0.0,818.9999999999782,302455.4300000001,0.0,7397.824999999953,0.02387525346474076,4.0
101,2016-07-14 20:00:00,buy,1.0,1329.91,1320.36,1358.5600000000006,2016-07-20 15:30:00,1320.36,-48.36,-936.6400000000182,301518.7900000001,5.0,8334.464999999967,0.02689810374914398,4.0
102,2016-07-21 17:45:00,sell,1.0,1317.12,1322.11,1302.1499999999999,2016-07-21 18:00:00,1322.11,0.0,-529.0000000000009,300989.7900000001,0.0,8863.464999999967,0.028605363529261508,5.0
103,2016-07-21 09:15:00,buy,1.0,1316.37,1311.71,1330.3499999999995,2016-07-21 19:45:00,1330.3499999999995,-0.0,1367.9999999999563,302357.79000000004,0.0,7495.465000000026,0.024190370373872703,5.0
104,2016-07-23 00:00:00,buy,1.0,1323.39,1320.39,1332.39,2016-07-25 02:15:00,1320.39,-0.0,-330.0,302027.79000000004,2.0,7825.465000000026,0.02525539065258496,8.0
105,2016-07-23 00:15:00,sell,1.0,1323.2,1324.28,1319.9600000000003,2016-07-25 04:30:00,1319.9600000000003,0.0,293.9999999999782,302321.79000000004,2.0,7531.465000000026,0.02430655440427768,8.0
106,2016-07-21 18:15:00,buy,1.0,1321.59,1316.28,1337.5199999999998,2016-07-25 04:45:00,1316.28,-24.18,-536.8199999999946,301784.97000000003,3.0,8068.285000000033,0.02603905193766653,8.0
107,2016-07-26 00:00:00,sell,1.0,1314.3,1321.82,1291.74,2016-07-26 05:00:00,1321.82,0.0,-781.9999999999982,301002.97000000003,0.0,8850.285000000033,0.028562827264796784,9.0
108,2016-07-26 04:45:00,buy,1.0,1318.59,1314.3,1331.4599999999998,2016-07-26 06:30:00,1314.3,-0.0,-458.99999999999636,300543.97000000003,0.0,9309.285000000033,0.030044173652460197,9.0
109,2016-07-26 07:15:00,sell,1.0,1315.69,1320.33,1301.7700000000004,2016-07-26 08:30:00,1320.33,0.0,-493.99999999998727,300049.97000000003,0.0,9803.285000000033,0.03163847673635067,9.0
110,2016-07-26 18:30:00,buy,1.0,1320.59,1318.55,1326.7099999999998,2016-07-26 19:45:00,1318.55,-0.0,-233.99999999999636,299815.97000000003,0.0,10037.285000000033,0.03239367293398299,9.0
111,2016-07-26 21:45:00,buy,1.0,1320.72,1317.56,1330.2000000000003,2016-07-27 04:00:00,1317.56,-12.09,-333.9100000000082,299482.06,0.0,10371.195000000065,0.033471312089331004,9.0
112,2016-07-27 00:45:00,buy,1.0,1320.35,1317.56,1328.7199999999998,2016-07-27 04:00:00,1317.56,-0.0,-308.99999999999636,299173.06,0.0,10680.195000000065,0.03446855835030703,9.0
113,2016-07-27 00:15:00,sell,1.0,1319.8,1320.99,1316.2299999999998,2016-07-27 07:00:00,1316.2299999999998,0.0,327.00000000001637,299500.06,0.0,10353.195000000065,0.033413220074128516,9.0
114,2016-07-27 10:15:00,sell,1.0,1318.33,1319.72,1314.1599999999996,2016-07-27 11:30:00,1319.72,0.0,-169.00000000001,299331.06,0.0,10522.195000000065,0.03395863955019631,9.0
115,2016-07-27 02:00:00,sell,1.0,1318.87,1320.99,1312.5099999999995,2016-07-27 13:30:00,1320.99,0.0,-242.00000000001182,299089.06,0.0,10764.195000000065,0.034739654421251966,9.0
116,2016-07-26 18:00:00,sell,1.0,1319.31,1322.58,1309.5,2016-07-27 16:30:00,1322.58,6.527,-363.52699999999817,298725.533,0.0,11127.722000000067,0.03591287753294722,9.0
117,2016-07-26 19:45:00,sell,1.0,1319.02,1322.58,1308.3400000000001,2016-07-27 16:30:00,1322.58,6.527,-392.52699999999453,298333.006,0.0,11520.249000000069,0.03717969333580203,9.0
118,2016-07-27 11:30:00,buy,1.0,1319.49,1316.35,1328.9100000000003,2016-07-27 17:15:00,1328.9100000000003,-0.0,912.00000000003,299245.00600000005,0.0,10608.24900000001,0.034236364565542514,9.0
119,2016-07-27 09:15:00,buy,1.0,1319.54,1316.35,1329.1100000000001,2016-07-27 18:00:00,1329.1100000000001,-0.0,927.0000000000164,300172.00600000005,0.0,9681.24900000001,0.031244625782614447,9.0
120,2016-07-26 08:45:00,buy,1.0,1318.77,1314.6,1331.2800000000002,2016-07-27 22:15:00,1331.2800000000002,-12.09,1233.0900000000217,301405.0960000001,1.0,8448.158999999985,0.02726503228116801,9.0
121,2016-07-22 06:45:00,sell,1.0,1327.68,1333.17,1311.21,2016-07-27 22:45:00,1333.17,19.581,-598.5810000000009,300806.5150000001,5.0,9046.73999999999,0.029196853200719124,9.0
122,2016-07-25 19:45:00,buy,1.0,1319.53,1313.19,1338.5499999999997,2016-07-27 23:15:00,1338.5499999999997,-24.18,1896.1799999999755,302702.69500000007,2.0,7150.559999999998,0.02307724667923852,9.0
123,2016-07-29 04:45:00,buy,1.0,1338.11,1334.2,1349.8399999999995,2016-07-29 07:30:00,1334.2,-0.0,-420.99999999998545,302281.69500000007,0.0,7571.559999999998,0.024435954368141125,10.0
124,2016-07-29 09:45:00,sell,1.0,1334.85,1341.37,1315.29,2016-07-29 16:30:00,1341.37,0.0,-681.9999999999982,301599.69500000007,0.0,8253.559999999998,0.02663699627747979,10.0
125,2016-07-28 18:45:00,sell,1.0,1337.73,1344.26,1318.14,2016-07-29 16:45:00,1344.26,6.527,-689.5269999999973,300910.16800000006,0.0,8943.087,0.028862330331175634,10.0
126,2016-08-01 06:00:00,buy,1.0,1350.57,1346.71,1362.1499999999996,2016-08-01 10:15:00,1346.71,-0.0,-415.99999999999,300494.16800000006,0.0,9359.087,0.03020490134918866,12.0
127,2016-08-01 14:00:00,buy,1.0,1349.32,1346.74,1357.0599999999997,2016-08-01 16:00:00,1346.74,-0.0,-287.9999999999927,300206.16800000006,0.0,9647.087,0.031134373592428446,12.0
128,2016-08-01 10:15:00,sell,1.0,1346.74,1350.65,1335.0099999999998,2016-08-01 19:15:00,1350.65,0.0,-421.0000000000082,299785.16800000006,0.0,10068.087,0.032493081281331056,12.0
129,2016-08-01 14:15:00,sell,1.0,1347.57,1350.65,1338.3299999999995,2016-08-01 19:15:00,1350.65,0.0,-338.00000000001546,299447.16800000006,0.0,10406.087,0.03358392023346664,12.0
130,2016-08-01 04:45:00,sell,1.0,1346.73,1354.46,1323.54,2016-08-01 23:15:00,1354.46,0.0,-803.0000000000018,298644.16800000006,0.0,11209.087,0.036175469578333126,12.0
131,2016-08-01 18:30:00,buy,1.0,1349.26,1346.72,1356.8799999999999,2016-08-02 11:00:00,1356.8799999999999,-12.09,744.0899999999891,299388.25800000003,0.0,10464.997000000032,0.033774042489887766,12.0
132,2016-08-02 05:15:00,sell,1.0,1349.74,1353.87,1337.3500000000004,2016-08-02 11:00:00,1353.87,0.0,-442.9999999999882,298945.25800000003,0.0,10907.997000000032,0.03520375153070453,12.0
133,2016-08-02 10:45:00,buy,1.0,1352.53,1348.04,1366.0,2016-08-02 18:30:00,1366.0,-0.0,1317.0000000000027,300262.25800000003,0.0,9590.997000000032,0.030953352418389247,12.0
134,2016-08-03 14:30:00,sell,1.0,1363.58,1365.13,1358.9299999999994,2016-08-03 15:45:00,1365.13,0.0,-185.0000000000182,300077.25800000003,0.0,9775.997000000032,0.031550409241303694,12.0
135,2016-08-03 14:45:00,buy,1.0,1364.6,1362.73,1370.2099999999996,2016-08-03 16:15:00,1362.73,-0.0,-216.9999999999891,299860.25800000003,0.0,9992.997000000032,0.03225074075791145,12.0
136,2016-08-03 08:30:00,buy,1.0,1364.61,1361.98,1372.4999999999995,2016-08-03 17:00:00,1361.98,-0.0,-292.9999999999882,299567.25800000003,0.0,10285.997000000032,0.03319634967204082,12.0
137,2016-08-03 17:00:00,sell,1.0,1363.2,1366.01,1354.7700000000002,2016-08-03 18:15:00,1354.7700000000002,0.0,812.9999999999836,300380.25800000003,0.0,9472.997000000032,0.030572526985395167,12.0
138,2016-08-03 02:45:00,sell,1.0,1362.73,1366.48,1351.48,2016-08-04 07:45:00,1351.48,19.581,1075.419,301455.677,1.0,8397.578000000038,0.027101790491115014,12.0
139,2016-08-05 02:00:00,sell,1.0,1360.21,1363.22,1351.18,2016-08-05 09:00:00,1363.22,0.0,-330.9999999999991,301124.677,0.0,8728.578000000038,0.028170038104005188,13.0
140,2016-08-05 07:15:00,buy,1.0,1361.46,1359.63,1366.9499999999998,2016-08-05 16:15:00,1359.63,-0.0,-212.99999999999272,300911.677,0.0,8941.578000000038,0.02885746028390128,13.0
141,2016-08-04 15:15:00,buy,1.0,1361.16,1349.67,1395.63,2016-08-05 16:30:00,1349.67,-12.09,-1166.910000000001,299744.76700000005,1.0,10108.488000000012,0.03262346880945308,13.0
142,2016-08-05 14:00:00,sell,1.0,1361.59,1364.53,1352.7699999999998,2016-08-05 16:30:00,1352.7699999999998,0.0,852.0000000000164,300596.76700000005,0.0,9256.488000000012,0.029873780089868702,13.0
143,2016-07-29 16:45:00,buy,1.0,1341.78,1331.03,1374.03,2016-08-08 11:45:00,1331.03,-96.72,-1008.28,299588.487,9.0,10264.76800000004,0.03312783659477787,15.0
144,2016-08-08 08:15:00,buy,1.0,1337.51,1332.36,1352.9600000000003,2016-08-08 11:45:00,1332.36,-0.0,-545.0000000000091,299043.487,0.0,10809.76800000004,0.03488673372174205,15.0
145,2016-08-08 10:30:00,sell,1.0,1334.82,1337.88,1325.6399999999994,2016-08-08 18:15:00,1337.88,0.0,-336.0000000000173,298707.487,0.0,11145.76800000004,0.0359711180055218,15.0
146,2016-08-09 02:15:00,sell,1.0,1335.05,1336.98,1329.2599999999998,2016-08-09 04:00:00,1336.98,0.0,-223.00000000000637,298484.487,0.0,11368.76800000004,0.03669081352719705,15.0
147,2016-08-09 03:30:00,buy,1.0,1335.96,1334.57,1340.1300000000003,2016-08-09 05:00:00,1334.57,-0.0,-169.00000000001,298315.487,0.0,11537.76800000004,0.03723623300326485,15.0
148,2016-08-09 05:30:00,sell,1.0,1334.27,1336.1,1328.7800000000002,2016-08-09 17:00:00,1336.1,0.0,-212.99999999999272,298102.487,0.0,11750.76800000004,0.03792365518316094,15.0
149,2016-08-09 16:00:00,sell,1.0,1332.57,1334.44,1326.9599999999996,2016-08-09 17:00:00,1334.44,0.0,-217.00000000001182,297885.487,0.0,11967.76800000004,0.03862398669976869,15.0
150,2016-08-09 14:15:00,buy,1.0,1333.87,1330.77,1343.1699999999996,2016-08-10 04:00:00,1343.1699999999996,-12.09,912.0899999999727,298797.577,0.0,11055.678000000073,0.03568036746943346,15.0
151,2016-08-09 17:15:00,buy,1.0,1336.21,1330.77,1352.5300000000002,2016-08-10 08:45:00,1352.5300000000002,-12.09,1614.0900000000163,300411.667,0.0,9441.588000000047,0.030471159646201056,15.0
152,2016-08-08 16:45:00,buy,1.0,1336.07,1330.07,1354.07,2016-08-10 10:15:00,1354.07,-24.18,1794.18,302205.847,1.0,7647.408000000054,0.024680741210867874,15.0
153,2016-08-11 12:00:00,buy,1.0,1345.77,1341.24,1359.36,2016-08-11 22:45:00,1341.24,-0.0,-482.99999999999727,301722.847,0.0,8130.408000000054,0.026239543618801268,16.0
154,2016-08-12 08:00:00,buy,1.0,1340.29,1336.63,1351.2699999999995,2016-08-12 13:00:00,1336.63,-0.0,-395.99999999998545,301326.847,0.0,8526.408000000054,0.027517567953255977,16.0
155,2016-08-12 08:30:00,sell,1.0,1339.2,1340.79,1334.4300000000003,2016-08-12 14:45:00,1340.79,0.0,-188.99999999999181,301137.847,0.0,8715.408000000054,0.02812753411288209,16.0
156,2016-08-11 21:15:00,sell,1.0,1343.92,1351.91,1319.95,2016-08-12 16:30:00,1351.91,6.527,-835.527000000001,300302.32,0.0,9550.935000000056,0.030824058956553657,16.0
157,2016-08-12 16:00:00,buy,1.0,1339.84,1336.14,1350.9399999999994,2016-08-12 16:30:00,1350.9399999999994,-0.0,1079.9999999999454,301382.31999999995,0.0,8470.935000000114,0.02733853804440464,16.0
158,2016-08-10 18:30:00,sell,1.0,1347.45,1356.25,1321.0500000000002,2016-08-12 16:45:00,1356.25,26.108,-936.1079999999954,300446.21199999994,1.0,9407.043000000122,0.030359671387025187,16.0
159,2016-08-15 16:30:00,sell,1.0,1338.8,1341.69,1330.1299999999997,2016-08-15 18:30:00,1341.69,0.0,-319.00000000001,300127.21199999994,0.0,9726.043000000122,0.03138919098978037,19.0
160,2016-08-15 23:45:00,sell,1.0,1339.47,1342.8,1329.4800000000002,2016-08-16 04:30:00,1342.8,6.527,-369.5269999999927,299757.68499999994,0.0,10095.570000000123,0.03258177810654311,19.0
161,2016-08-16 03:30:00,buy,1.0,1341.3,1339.07,1347.99,2016-08-16 09:30:00,1347.99,-0.0,639.0000000000055,300396.68499999994,0.0,9456.570000000123,0.030519511566854837,19.0
162,2016-08-15 18:30:00,buy,1.0,1340.01,1337.15,1348.5899999999997,2016-08-16 10:00:00,1348.5899999999997,-12.09,840.08999999997,301236.7749999999,0.0,8616.480000000156,0.02780826039732955,19.0
163,2016-08-15 07:15:00,buy,1.0,1339.64,1335.42,1352.3000000000002,2016-08-16 14:15:00,1352.3000000000002,-12.09,1248.090000000008,302484.86499999993,1.0,7368.39000000013,0.023780256883214376,19.0
164,2016-08-12 21:00:00,sell,1.0,1337.23,1354.93,1284.1299999999999,2016-08-16 15:00:00,1354.93,13.054,-1813.0540000000046,300671.8109999999,3.0,9181.444000000134,0.029631588023821574,19.0
165,2016-08-16 21:30:00,buy,1.0,1351.06,1342.4,1377.0399999999995,2016-08-17 08:45:00,1342.4,-12.09,-883.9099999999854,299787.90099999995,0.0,10065.354000000108,0.03248426097702316,19.0
166,2016-08-16 23:45:00,sell,1.0,1348.19,1351.07,1339.5500000000004,2016-08-17 22:00:00,1351.07,6.527,-324.52699999998816,299463.37399999995,0.0,10389.88100000011,0.03353161805577969,19.0
167,2016-08-17 19:00:00,buy,1.0,1346.74,1342.23,1360.27,2016-08-17 22:00:00,1342.23,-0.0,-480.9999999999991,298982.37399999995,0.0,10870.88100000011,0.035083965795357254,19.0
168,2016-08-16 17:30:00,sell,1.0,1342.4,1354.52,1306.0400000000004,2016-08-18 04:15:00,1354.52,26.108,-1268.107999999989,297714.26599999995,1.0,12138.989000000118,0.039176574085045886,19.0
169,2016-08-18 20:45:00,sell,1.0,1349.65,1351.93,1342.8100000000002,2016-08-18 21:00:00,1351.93,0.0,-257.99999999999727,297456.26599999995,0.0,12396.989000000118,0.040009226302948196,19.0
170,2016-08-18 20:30:00,buy,1.0,1350.39,1348.86,1354.9800000000007,2016-08-19 04:00:00,1348.86,-12.09,-170.91000000002,297285.3559999999,0.0,12567.89900000015,0.040560809987295915,19.0
171,2016-08-18 21:00:00,buy,1.0,1350.8,1348.86,1356.6200000000001,2016-08-19 04:00:00,1348.86,-12.09,-211.91000000000545,297073.4459999999,0.0,12779.809000000183,0.04124471437293818,19.0
172,2016-08-19 04:00:00,sell,1.0,1349.98,1353.19,1340.35,2016-08-19 16:00:00,1340.35,0.0,933.0000000000109,298006.4459999999,0.0,11846.809000000183,0.03823361158494262,19.0
173,2016-08-18 11:45:00,sell,1.0,1351.45,1355.67,1338.79,2016-08-19 16:15:00,1338.79,6.527,1229.4730000000081,299235.9189999999,1.0,10617.336000000185,0.0342656913512178,19.0
174,2016-08-23 03:45:00,sell,1.0,1337.39,1339.47,1331.1500000000003,2016-08-23 04:15:00,1339.47,0.0,-237.99999999999272,298997.9189999999,0.0,10855.336000000185,0.03503379688556179,22.0
175,2016-08-23 04:30:00,buy,1.0,1339.18,1337.39,1344.55,2016-08-23 06:00:00,1337.39,-0.0,-208.99999999999636,298788.9189999999,0.0,11064.336000000185,0.03570830972874622,22.0
176,2016-08-23 06:15:00,sell,1.0,1337.43,1339.19,1332.15,2016-08-23 10:30:00,1339.19,0.0,-205.9999999999991,298582.9189999999,0.0,11270.336000000185,0.036373140569396896,22.0
177,2016-08-22 14:30:00,buy,1.0,1335.42,1332.6,1343.8800000000006,2016-08-23 16:30:00,1343.8800000000006,-12.09,828.0900000000491,299411.0089999999,1.0,10442.24600000016,0.03370061741000641,22.0
178,2016-08-23 21:30:00,buy,1.0,1341.76,1338.17,1352.5299999999997,2016-08-23 23:30:00,1338.17,-0.0,-388.9999999999918,299022.0089999999,0.0,10831.24600000016,0.03495605040521571,22.0
179,2016-08-23 09:45:00,buy,1.0,1338.79,1336.29,1346.29,2016-08-24 08:15:00,1336.29,-12.09,-267.91,298754.09899999993,0.0,11099.156000000134,0.035820685504821086,22.0
180,2016-08-23 22:15:00,sell,1.0,1339.79,1343.75,1327.9099999999999,2016-08-24 16:30:00,1327.9099999999999,6.527,1151.4730000000109,299905.5719999999,0.0,9947.683000000136,0.0321044973369737,22.0
181,2016-08-24 12:45:00,buy,1.0,1339.75,1336.31,1350.0700000000002,2016-08-24 16:30:00,1336.31,-0.0,-374.00000000000546,299531.5719999999,0.0,10321.683000000136,0.03331152031951426,22.0
182,2016-08-24 15:00:00,sell,1.0,1337.38,1339.75,1330.2700000000004,2016-08-24 16:30:00,1330.2700000000004,0.0,680.9999999999673,300212.57199999987,0.0,9640.683000000194,0.0311137057443537,22.0
183,2016-08-24 15:30:00,buy,1.0,1337.6,1336.41,1341.1699999999994,2016-08-24 16:30:00,1336.41,-0.0,-148.99999999998272,300063.57199999987,0.0,9789.683000000194,0.03159457853686317,22.0
184,2016-08-24 15:45:00,sell,1.0,1336.98,1339.75,1328.67,2016-08-24 16:30:00,1328.67,0.0,800.9999999999945,300864.57199999987,0.0,8988.683000000194,0.029009483860352514,22.0
185,2016-08-24 16:15:00,buy,1.0,1338.2,1336.41,1343.57,2016-08-24 16:30:00,1336.41,-0.0,-208.99999999999636,300655.57199999987,0.0,9197.683000000194,0.029683996703536945,22.0
186,2016-08-25 08:30:00,buy,1.0,1325.95,1323.78,1332.4600000000003,2016-08-25 13:45:00,1323.78,-0.0,-247.00000000000728,300408.57199999987,0.0,9444.683000000194,0.03048114824548218,22.0
187,2016-08-23 19:45:00,sell,1.0,1338.25,1343.75,1321.75,2016-08-25 16:00:00,1321.75,26.108,1593.892,302002.46399999986,1.0,7850.791000000201,0.025337126117975426,22.0
188,2016-08-25 13:45:00,sell,1.0,1325.23,1326.72,1320.76,2016-08-25 16:15:00,1320.76,0.0,417.00000000000273,302419.46399999986,0.0,7433.791000000201,0.023991327765784484,22.0
189,2016-08-26 05:00:00,buy,1.0,1322.85,1320.95,1328.5499999999995,2016-08-26 16:30:00,1328.5499999999995,-0.0,539.9999999999591,302959.4639999998,0.0,6893.791000000259,0.02224856730971007,23.0
190,2016-08-24 16:45:00,sell,1.0,1331.19,1339.75,1305.5100000000002,2016-08-26 18:15:00,1339.75,26.108,-912.1079999999945,302047.3559999998,2.0,7805.899000000267,0.025192244632060636,23.0
191,2016-08-29 12:30:00,buy,1.0,1319.51,1316.29,1329.17,2016-08-30 18:00:00,1316.29,-12.09,-339.91000000000275,301707.4459999998,1.0,8145.809000000241,0.026289247792475955,26.0
192,2016-08-30 10:00:00,sell,1.0,1322.54,1325.01,1315.1299999999999,2016-08-30 20:45:00,1315.1299999999999,0.0,711.0000000000082,302418.4459999998,0.0,7434.809000000241,0.02399461319197773,26.0
193,2016-08-31 12:45:00,buy,1.0,1314.81,1312.68,1321.1999999999996,2016-08-31 15:15:00,1312.68,-0.0,-242.99999999998818,302175.4459999998,0.0,7677.809000000241,0.0247788553972113,26.0
194,2016-08-31 06:15:00,buy,1.0,1314.98,1309.26,1332.14,2016-08-31 16:30:00,1309.26,-0.0,-602.0000000000027,301573.4459999998,0.0,8279.809000000241,0.02672171057231669,26.0
195,2016-08-31 15:45:00,sell,1.0,1313.35,1314.81,1308.9699999999998,2016-08-31 16:30:00,1308.9699999999998,0.0,408.0000000000109,301981.4459999998,0.0,7871.809000000241,0.025404958227726992,26.0
196,2016-09-01 03:15:00,buy,1.0,1310.02,1307.73,1316.8899999999999,2016-09-01 03:45:00,1307.73,-0.0,-258.99999999999636,301722.4459999998,0.0,8130.809000000241,0.02624083777980722,26.0
197,2016-08-31 10:45:00,sell,1.0,1312.68,1315.89,1303.05,2016-09-01 16:30:00,1303.05,19.581,913.4190000000109,302635.8649999998,1.0,7217.390000000247,0.023292929422349444,26.0
198,2016-09-01 08:45:00,sell,1.0,1308.96,1310.93,1303.05,2016-09-01 16:30:00,1303.05,0.0,561.0000000000082,303196.8649999998,0.0,6656.390000000247,0.021482394948538607,26.0
199,2016-09-02 09:15:00,sell,1.0,1312.87,1314.97,1306.5699999999995,2016-09-02 16:00:00,1314.97,0.0,-240.00000000001364,302956.8649999998,0.0,6896.390000000247,0.022256955151238433,26.0
200,2016-09-01 18:15:00,buy,1.0,1310.16,1303.84,1329.1200000000006,2016-09-02 16:15:00,1303.84,-12.09,-649.9100000000163,302306.9549999998,0.0,7546.300000000279,0.024354431906807878,26.0
201,2016-09-02 15:45:00,buy,1.0,1312.96,1310.07,1321.6300000000003,2016-09-02 16:15:00,1310.07,-0.0,-319.00000000001,301987.9549999998,0.0,7865.300000000279,0.02538395150956306,26.0
202,2016-09-02 16:30:00,sell,1.0,1305.19,1314.01,1278.7300000000002,2016-09-02 16:30:00,1314.01,0.0,-911.9999999999936,301075.9549999998,0.0,8777.30000000028,0.028327280279822387,26.0
203,2016-09-06 06:00:00,sell,1.0,1325.12,1327.82,1317.0199999999998,2016-09-06 06:30:00,1327.82,0.0,-300.00000000000455,300775.9549999998,0.0,9077.30000000028,0.029295480533197166,29.0
204,2016-09-06 09:30:00,sell,1.0,1325.92,1327.8,1320.2800000000004,2016-09-06 10:45:00,1327.8,0.0,-217.99999999998818,300557.9549999998,0.0,9295.30000000028,0.02999903938398284,29.0
205,2016-09-06 10:15:00,sell,1.0,1326.54,1327.62,1323.3000000000002,2016-09-06 10:45:00,1327.62,0.0,-137.99999999999272,300419.9549999998,0.0,9433.30000000028,0.030444411500535236,29.0
206,2016-09-06 07:15:00,buy,1.0,1326.61,1325.12,1331.08,2016-09-06 13:45:00,1331.08,-0.0,417.00000000000273,300836.9549999998,0.0,9016.30000000028,0.029098613148344294,29.0
207,2016-09-06 10:00:00,buy,1.0,1326.76,1325.12,1331.6800000000003,2016-09-06 14:00:00,1331.6800000000003,-0.0,462.00000000003,301298.95499999984,0.0,8554.300000000221,0.02760758475814695,29.0
208,2016-09-06 10:45:00,buy,1.0,1327.03,1325.12,1332.7600000000002,2016-09-06 14:30:00,1332.7600000000002,-0.0,543.0000000000246,301841.95499999984,0.0,8011.300000000221,0.025855142299538596,29.0
209,2016-08-26 20:15:00,sell,1.0,1321.54,1337.17,1274.6499999999996,2016-09-06 18:00:00,1337.17,58.743,-1651.7430000000109,300190.2119999998,10.0,9663.043000000238,0.031185868936572044,29.0
210,2016-09-07 17:15:00,buy,1.0,1349.82,1347.27,1357.4699999999998,2016-09-07 18:00:00,1347.27,-0.0,-284.99999999999545,299905.2119999998,0.0,9948.043000000238,0.03210565917727808,30.0
211,2016-09-08 05:00:00,buy,1.0,1346.14,1344.23,1351.8700000000003,2016-09-08 08:45:00,1344.23,-0.0,-221.00000000000819,299684.2119999998,0.0,10169.043000000238,0.0328189000305975,30.0
212,2016-09-08 16:15:00,sell,1.0,1347.21,1348.76,1342.5600000000002,2016-09-08 17:00:00,1342.5600000000002,0.0,434.99999999998636,300119.2119999998,0.0,9734.043000000238,0.031415009663204076,30.0
213,2016-09-09 07:15:00,buy,1.0,1338.46,1336.42,1344.58,2016-09-09 10:15:00,1336.42,-0.0,-233.99999999999636,299885.2119999998,0.0,9968.043000000238,0.0321702058608364,30.0
214,2016-09-07 12:00:00,sell,1.0,1348.06,1352.37,1335.13,2016-09-09 10:30:00,1335.13,26.108,1236.8919999999837,301122.1039999998,1.0,8731.151000000245,0.028178342034845635,30.0
215,2016-09-09 10:00:00,sell,1.0,1337.82,1339.12,1333.92,2016-09-09 14:30:00,1333.92,0.0,359.99999999998636,301482.1039999998,0.0,8371.151000000245,0.0270165017307959,30.0
216,2016-09-07 18:15:00,sell,1.0,1346.41,1351.0,1332.6400000000003,2016-09-09 15:00:00,1332.6400000000003,26.108,1320.8919999999755,302802.9959999998,1.0,7050.259000000253,0.0227535418338602,30.0
217,2016-09-12 10:00:00,buy,1.0,1329.22,1325.44,1340.56,2016-09-12 14:15:00,1325.44,-0.0,-407.99999999999727,302394.9959999998,0.0,7458.259000000253,0.024070294178449896,32.0
218,2016-09-12 12:15:00,sell,1.0,1327.76,1329.78,1321.7,2016-09-12 19:45:00,1321.7,0.0,575.9999999999945,302970.9959999998,0.0,6882.259000000253,0.022211349691970323,32.0
219,2016-09-13 12:15:00,buy,1.0,1330.1,1328.04,1336.2799999999997,2016-09-13 13:15:00,1328.04,-0.0,-235.99999999999454,302734.9959999998,0.0,7118.259000000253,0.022973000557958482,32.0
220,2016-09-12 22:30:00,buy,1.0,1328.36,1321.22,1349.7799999999995,2016-09-13 21:00:00,1321.22,-12.09,-731.9099999999872,302003.08599999984,0.0,7850.169000000227,0.025335118716116847,32.0
221,2016-09-13 13:45:00,sell,1.0,1327.86,1330.36,1320.36,2016-09-13 21:00:00,1320.36,0.0,720.0,302723.08599999984,0.0,7130.169000000227,0.02301143810801738,32.0
222,2016-09-13 10:45:00,sell,1.0,1328.45,1331.51,1319.2700000000002,2016-09-13 22:15:00,1319.2700000000002,0.0,887.9999999999836,303611.08599999984,0.0,6242.169000000227,0.02014556535802803,32.0
223,2016-09-14 17:15:00,sell,1.0,1320.39,1323.57,1310.8500000000006,2016-09-14 17:45:00,1323.57,0.0,-347.99999999998363,303263.08599999984,0.0,6590.169000000227,0.021268677651942774,32.0
224,2016-09-15 00:45:00,sell,1.0,1322.48,1324.43,1316.6299999999999,2016-09-15 05:30:00,1324.43,0.0,-225.00000000000455,303038.08599999984,0.0,6815.169000000227,0.02199482784197386,32.0
225,2016-09-15 04:30:00,sell,1.0,1322.6,1324.09,1318.1299999999999,2016-09-15 05:30:00,1324.09,0.0,-179.0000000000009,302859.08599999984,0.0,6994.169000000227,0.02257252065982081,32.0
226,2016-09-15 03:15:00,buy,1.0,1323.36,1321.38,1329.2999999999993,2016-09-15 08:30:00,1321.38,-0.0,-227.99999999997908,302631.08599999984,0.0,7222.169000000227,0.023308352852385642,32.0
227,2016-09-15 04:45:00,buy,1.0,1322.94,1321.38,1327.62,2016-09-15 08:30:00,1321.38,-0.0,-185.99999999999454,302445.08599999984,0.0,7408.169000000227,0.023908637009478005,32.0
228,2016-09-14 17:45:00,buy,1.0,1322.63,1320.38,1329.38,2016-09-15 10:45:00,1320.38,-36.269999999999996,-218.73000000000002,302226.35599999985,0.0,7626.899000000209,0.024614551814213497,32.0
229,2016-09-15 08:30:00,sell,1.0,1321.87,1325.26,1311.6999999999996,2016-09-15 16:30:00,1325.26,0.0,-369.00000000001,301857.35599999985,0.0,7995.899000000209,0.025805438125864475,32.0
230,2016-09-14 08:15:00,buy,1.0,1320.16,1317.3,1328.7400000000005,2016-09-15 17:00:00,1317.3,-36.269999999999996,-279.73000000001275,301577.6259999998,1.0,8275.629000000248,0.026708220315453026,32.0
231,2016-09-15 16:15:00,buy,1.0,1323.13,1318.89,1335.8500000000001,2016-09-15 17:00:00,1318.89,-0.0,-454.0000000000009,301123.6259999998,0.0,8729.629000000248,0.028173430032226856,32.0
232,2016-09-16 04:30:00,buy,1.0,1317.66,1312.86,1332.0600000000006,2016-09-16 13:45:00,1312.86,-0.0,-510.0000000000182,300613.6259999998,0.0,9239.629000000248,0.02981937046296398,32.0
233,2016-09-16 13:00:00,buy,1.0,1315.87,1313.03,1324.3899999999996,2016-09-16 13:45:00,1313.03,-0.0,-313.9999999999918,300299.6259999998,0.0,9553.629000000248,0.030832753394829583,32.0
234,2016-09-16 05:45:00,sell,1.0,1314.88,1317.66,1306.5400000000002,2016-09-16 17:15:00,1306.5400000000002,0.0,803.9999999999918,301103.6259999998,0.0,8749.629000000248,0.028237976715785176,32.0
235,2016-09-16 14:00:00,sell,1.0,1312.76,1315.87,1303.4300000000003,2016-09-19 06:30:00,1315.87,6.527,-347.52699999999,300756.0989999998,2.0,9097.15600000025,0.02935956248063377,34.0
236,2016-09-19 14:30:00,sell,1.0,1313.46,1317.54,1301.2200000000003,2016-09-20 11:00:00,1317.54,6.527,-444.5269999999927,300311.5719999998,0.0,9541.683000000252,0.03079419966074021,35.0
237,2016-09-20 04:30:00,buy,1.0,1314.14,1312.81,1318.1300000000006,2016-09-20 17:30:00,1312.81,-0.0,-163.00000000001546,300148.5719999998,0.0,9704.683000000252,0.031320255131740506,35.0
238,2016-09-20 21:45:00,sell,1.0,1313.84,1315.71,1308.2299999999996,2016-09-21 03:15:00,1315.71,6.527,-223.5270000000118,299925.0449999998,0.0,9928.210000000254,0.032041651458527526,35.0
239,2016-09-20 14:00:00,sell,1.0,1314.95,1317.07,1308.5900000000004,2016-09-21 08:15:00,1317.07,6.527,-248.52699999998907,299676.5179999998,0.0,10176.737000000256,0.032843731139762446,35.0
240,2016-09-21 02:15:00,buy,1.0,1314.89,1313.84,1318.0400000000006,2016-09-21 08:15:00,1318.0400000000006,-0.0,285.00000000005457,299961.51799999987,0.0,9891.737000000197,0.031923940899056216,35.0
241,2016-09-20 19:45:00,buy,1.0,1315.71,1313.44,1322.52,2016-09-21 08:30:00,1313.44,-12.09,-244.90999999999818,299716.6079999999,0.0,10136.647000000172,0.032714347312569524,35.0
242,2016-09-21 08:45:00,sell,1.0,1311.74,1316.64,1297.0399999999997,2016-09-21 10:00:00,1316.64,0.0,-520.0000000000091,299196.6079999999,0.0,10656.647000000172,0.03439256108508581,35.0
243,2016-09-19 02:30:00,buy,1.0,1310.46,1307.07,1320.6300000000003,2016-09-21 11:15:00,1320.6300000000003,-24.18,1011.18000000003,300207.78799999994,2.0,9645.46700000012,0.031129145311060615,35.0
244,2016-09-15 17:15:00,sell,1.0,1318.45,1324.8,1299.4000000000003,2016-09-21 16:00:00,1324.8,26.108,-691.1079999999909,299516.67999999993,5.0,10336.575000000128,0.03335958178009176,35.0
245,2016-09-22 13:15:00,sell,1.0,1332.62,1333.4,1330.2799999999993,2016-09-22 14:30:00,1333.4,0.0,-108.00000000002001,299408.67999999993,0.0,10444.575000000128,0.03370813387130668,35.0
246,2016-09-22 14:45:00,buy,1.0,1333.32,1331.51,1338.7499999999998,2016-09-22 17:45:00,1338.7499999999998,-0.0,512.9999999999836,299921.67999999993,0.0,9931.575000000128,0.03205251143803581,35.0
247,2016-09-21 10:30:00,buy,1.0,1319.35,1311.39,1343.2299999999993,2016-09-22 20:00:00,1343.2299999999993,-36.269999999999996,2394.2699999999427,302315.9499999999,1.0,7537.305000000168,0.024325402035877165,35.0
248,2016-09-26 11:00:00,buy,1.0,1335.76,1336.48,1333.6,2016-09-26 11:00:00,1336.48,-0.0,42.00000000000273,302357.9499999999,0.0,7495.305000000168,0.024189854000404694,38.0
249,2016-09-23 22:15:00,sell,1.0,1336.95,1339.97,1327.89,2016-09-26 17:00:00,1339.97,6.527,-338.52699999999817,302019.4229999999,2.0,7833.8320000001695,0.025282393757652045,38.0
250,2016-09-26 11:15:00,sell,1.0,1335.94,1339.49,1325.2900000000002,2016-09-26 17:00:00,1339.49,0.0,-384.99999999999545,301634.4229999999,0.0,8218.83200000017,0.02652491741614968,38.0
251,2016-09-26 15:00:00,buy,1.0,1337.39,1334.25,1346.8100000000004,2016-09-27 09:30:00,1334.25,-12.09,-331.91000000001003,301302.51299999986,0.0,8550.742000000202,0.02759610190314186,38.0
252,2016-09-23 13:45:00,buy,1.0,1336.21,1333.92,1343.08,2016-09-27 10:00:00,1333.92,-24.18,-234.81999999999636,301067.69299999985,3.0,8785.562000000209,0.0283539445148001,38.0
253,2016-09-27 12:00:00,buy,1.0,1337.36,1334.21,1346.8099999999995,2016-09-27 16:00:00,1334.21,-0.0,-344.99999999998636,300722.69299999985,0.0,9130.562000000209,0.0294673748061811,38.0
254,2016-09-27 13:45:00,buy,1.0,1336.28,1334.21,1342.4899999999998,2016-09-27 16:00:00,1334.21,-0.0,-236.99999999999363,300485.69299999985,0.0,9367.562000000209,0.030232253006347173,38.0
255,2016-09-27 12:30:00,sell,1.0,1335.11,1337.57,1327.7299999999998,2016-09-27 17:45:00,1327.7299999999998,0.0,708.0000000000109,301193.69299999985,0.0,8659.562000000209,0.027947300408382694,38.0
256,2016-09-26 22:45:00,sell,1.0,1336.9,1341.37,1323.4900000000007,2016-09-28 11:00:00,1323.4900000000007,13.054,1297.9459999999399,302491.6389999998,1.0,7361.616000000271,0.023758394921493627,38.0
257,2016-09-28 15:00:00,buy,1.0,1325.48,1322.59,1334.1500000000003,2016-09-28 18:00:00,1322.59,-0.0,-319.00000000001,302172.6389999998,0.0,7680.616000000271,0.02478791452424881,38.0
258,2016-09-23 00:15:00,sell,1.0,1336.83,1342.8,1318.9199999999998,2016-09-28 19:00:00,1318.9199999999998,19.581,1741.4190000000083,303914.0579999998,5.0,5939.197000000277,0.019167773467476647,38.0
259,2016-09-29 03:15:00,buy,1.0,1323.41,1319.46,1335.2600000000002,2016-09-29 14:45:00,1319.46,-0.0,-425.00000000000455,303489.0579999998,0.0,6364.197000000277,0.020539390493090916,38.0
260,2016-09-27 16:15:00,sell,1.0,1332.62,1337.57,1317.7699999999998,2016-09-29 16:30:00,1317.7699999999998,26.108,1428.8920000000137,304917.9499999998,2.0,4935.305000000284,0.01592787850494029,38.0
261,2016-09-29 10:15:00,sell,1.0,1321.8,1325.34,1311.18,2016-09-30 11:45:00,1325.34,6.527,-390.52699999999635,304527.4229999998,1.0,5325.832000000286,0.017188239639439273,38.0
262,2016-09-28 17:30:00,sell,1.0,1323.36,1326.74,1313.2199999999996,2016-09-30 12:00:00,1326.74,26.108,-394.1080000000109,304133.31499999977,1.0,5719.940000000293,0.018460157857629386,38.0
263,2016-09-30 16:30:00,sell,1.0,1322.4,1327.38,1307.46,2016-09-30 16:45:00,1327.38,0.0,-528.0000000000018,303605.31499999977,0.0,6247.940000000293,0.020164190303569,38.0
264,2016-09-30 16:45:00,buy,1.0,1326.06,1322.31,1337.31,2016-09-30 17:45:00,1322.31,-0.0,-405.0,303200.31499999977,0.0,6652.940000000293,0.02147126064562495,38.0
265,2016-09-29 21:15:00,buy,1.0,1322.47,1317.23,1338.19,2016-09-30 18:15:00,1317.23,-12.09,-541.9100000000009,302658.4049999998,0.0,7194.850000000268,0.023220185309979286,38.0
266,2016-10-03 05:45:00,buy,1.0,1318.78,1315.19,1329.5499999999997,2016-10-03 06:30:00,1315.19,-0.0,-388.9999999999918,302269.4049999998,0.0,7583.850000000268,0.024475618305188584,40.0
267,2016-10-03 13:45:00,buy,1.0,1317.82,1314.3,1328.3799999999999,2016-10-03 16:45:00,1314.3,-0.0,-381.9999999999982,301887.4049999998,0.0,7965.850000000268,0.02570845996115247,40.0
268,2016-10-04 10:30:00,buy,1.0,1311.09,1308.92,1317.5999999999995,2016-10-04 10:45:00,1308.92,-0.0,-246.99999999998454,301640.4049999998,0.0,8212.850000000268,0.026505611503097704,40.0
269,2016-09-02 16:45:00,buy,1.0,1324.37,1305.19,1381.9099999999994,2016-10-04 16:00:00,1305.19,-362.7,-1585.2999999999836,300055.1049999998,31.0,9798.150000000256,0.03162190437534779,40.0
270,2016-10-03 06:45:00,sell,1.0,1315.3,1318.88,1304.5599999999995,2016-10-04 16:15:00,1304.5599999999995,6.527,1037.4730000000463,301092.57799999986,1.0,8760.6770000002,0.028273632303782634,40.0
271,2016-10-03 17:00:00,sell,1.0,1313.34,1317.92,1299.5999999999995,2016-10-04 16:15:00,1299.5999999999995,6.527,1337.4730000000463,302430.0509999999,0.0,7423.204000000143,0.0239571599788427,40.0
272,2016-10-04 10:45:00,sell,1.0,1310.2,1312.0,1304.8000000000002,2016-10-04 16:15:00,1304.8000000000002,0.0,509.99999999998636,302940.0509999999,0.0,6913.204000000143,0.022311219548105575,40.0
273,2016-09-30 18:15:00,sell,1.0,1317.57,1327.38,1288.1399999999994,2016-10-04 17:30:00,1288.1399999999994,13.054,2899.9460000000518,305839.997,3.0,4013.258000000089,0.012952124708194814,40.0
274,2016-10-05 11:15:00,sell,1.0,1271.56,1274.85,1261.69,2016-10-05 16:15:00,1274.85,0.0,-358.99999999999636,305480.997,0.0,4372.258000000089,0.014110737678066632,40.0
275,2016-10-05 14:00:00,buy,1.0,1273.91,1270.82,1283.1800000000005,2016-10-05 17:00:00,1270.82,-0.0,-339.00000000001455,305141.997,0.0,4711.258000000089,0.015204803964380132,40.0
276,2016-10-05 07:45:00,buy,1.0,1273.94,1267.12,1294.4000000000005,2016-10-05 18:00:00,1267.12,-0.0,-712.0000000000164,304429.997,0.0,5423.258000000089,0.017502665899056274,40.0
277,2016-10-06 14:30:00,buy,1.0,1266.58,1263.42,1276.0599999999995,2016-10-06 16:00:00,1263.42,-0.0,-345.99999999998545,304083.997,0.0,5769.258000000089,0.018619323524615185,40.0
278,2016-10-05 17:30:00,sell,1.0,1271.86,1275.9,1259.7399999999993,2016-10-06 16:30:00,1259.7399999999993,19.581,1162.4190000000574,305246.416,0.0,4606.839000000036,0.014867808956856158,40.0
279,2016-10-06 03:45:00,buy,1.0,1268.89,1262.49,1288.0900000000004,2016-10-06 16:30:00,1262.49,-0.0,-670.0000000000091,304576.416,0.0,5276.839000000036,0.017030122856059832,40.0
280,2016-10-06 05:45:00,sell,1.0,1266.93,1269.06,1260.5400000000004,2016-10-06 16:30:00,1260.5400000000004,0.0,608.9999999999645,305185.41599999997,0.0,4667.8390000000945,0.015064676341709219,40.0
281,2016-10-06 16:30:00,sell,1.0,1263.44,1267.86,1250.1800000000005,2016-10-06 22:00:00,1250.1800000000005,0.0,1295.9999999999536,306481.4159999999,0.0,3371.8390000001527,0.010882051247130362,40.0
282,2016-10-07 08:15:00,sell,1.0,1253.87,1258.31,1240.5499999999997,2016-10-07 14:45:00,1258.31,0.0,-474.00000000000546,306007.4159999999,0.0,3845.8390000001527,0.012411807647462513,40.0
283,2016-10-07 13:00:00,buy,1.0,1255.41,1251.99,1265.6700000000003,2016-10-07 16:15:00,1251.99,-0.0,-372.0000000000073,305635.4159999999,0.0,4217.839000000153,0.013612375961647239,40.0
284,2016-10-07 04:30:00,buy,1.0,1256.04,1250.8,1271.76,2016-10-07 19:30:00,1250.8,-0.0,-554.0000000000009,305081.4159999999,0.0,4771.839000000153,0.015400319096212664,40.0
285,2016-10-07 19:30:00,sell,1.0,1251.67,1264.05,1214.5300000000004,2016-10-10 05:00:00,1264.05,6.527,-1274.5269999999882,303806.8889999999,2.0,6046.366000000155,0.019513643643989324,42.0
286,2016-10-11 10:30:00,buy,1.0,1260.51,1255.77,1274.73,2016-10-11 14:00:00,1255.77,-0.0,-504.0000000000009,303302.8889999999,0.0,6550.366000000155,0.021140220069658953,43.0
287,2016-10-11 19:45:00,buy,1.0,1258.31,1253.84,1271.72,2016-10-11 21:15:00,1253.84,-0.0,-477.00000000000273,302825.8889999999,0.0,7027.366000000155,0.02267965847252485,43.0
288,2016-10-10 15:30:00,sell,1.0,1261.39,1264.59,1251.7900000000006,2016-10-12 00:30:00,1251.7900000000006,13.054,916.9459999999455,303742.83499999985,1.0,6110.4200000002165,0.01972036730742175,43.0
289,2016-10-12 10:45:00,sell,1.0,1255.59,1257.28,1250.5199999999998,2016-10-12 12:15:00,1257.28,0.0,-199.00000000000546,303543.83499999985,0.0,6309.4200000002165,0.02036260680882702,43.0
290,2016-10-12 12:30:00,buy,1.0,1256.46,1254.07,1263.6300000000003,2016-10-12 15:00:00,1254.07,-0.0,-269.00000000001,303274.83499999985,0.0,6578.4200000002165,0.021230759702686407,43.0
291,2016-10-12 06:00:00,buy,1.0,1256.29,1249.84,1275.64,2016-10-12 16:00:00,1249.84,-0.0,-675.0000000000045,302599.83499999985,0.0,7253.4200000002165,0.02340921027277966,43.0
292,2016-10-12 14:45:00,sell,1.0,1254.9,1256.63,1249.71,2016-10-12 16:00:00,1249.71,0.0,489.00000000000546,303088.83499999985,0.0,6764.4200000002165,0.02183104385977877,43.0
293,2016-10-11 21:15:00,sell,1.0,1255.13,1258.72,1244.3600000000004,2016-10-12 18:00:00,1258.72,6.527,-395.5269999999918,302693.30799999984,0.0,7159.947000000218,0.02310754166516733,43.0
294,2016-10-12 18:15:00,buy,1.0,1255.95,1252.14,1267.3799999999999,2016-10-12 19:00:00,1252.14,-0.0,-410.99999999999454,302282.30799999984,0.0,7570.947000000218,0.024433976012290776,43.0
295,2016-10-13 05:00:00,sell,1.0,1253.73,1255.72,1247.76,2016-10-13 05:15:00,1255.72,0.0,-229.0000000000009,302053.30799999984,0.0,7799.947000000218,0.025173035539033523,43.0
296,2016-10-12 18:45:00,sell,1.0,1253.2,1257.55,1240.1500000000003,2016-10-13 06:00:00,1257.55,19.581,-484.5809999999909,301568.72699999984,0.0,8284.528000000224,0.02673694036230222,43.0
297,2016-10-13 05:45:00,buy,1.0,1255.14,1253.65,1259.6100000000001,2016-10-13 06:15:00,1259.6100000000001,-0.0,417.00000000000273,301985.72699999984,0.0,7867.528000000224,0.02539114201011128,43.0
298,2016-10-11 12:45:00,sell,1.0,1256.92,1261.37,1243.5700000000006,2016-10-13 07:15:00,1261.37,26.108,-501.1079999999818,301484.61899999983,1.0,8368.636000000231,0.027008384985338398,43.0
299,2016-10-13 14:00:00,buy,1.0,1258.83,1256.95,1264.4699999999996,2016-10-13 16:15:00,1256.95,-0.0,-217.99999999998818,301266.61899999983,0.0,8586.636000000231,0.02771194383612407,43.0
300,2016-10-13 23:00:00,buy,1.0,1258.55,1255.89,1266.5299999999995,2016-10-14 04:30:00,1255.89,-12.09,-283.9099999999855,300982.70899999986,0.0,8870.546000000206,0.0286282162825761,43.0
301,2016-10-14 02:15:00,buy,1.0,1258.18,1255.89,1265.05,2016-10-14 04:30:00,1255.89,-0.0,-258.99999999999636,300723.70899999986,0.0,9129.546000000206,0.029464095834656326,43.0
302,2016-10-14 03:15:00,buy,1.0,1258.17,1255.89,1265.01,2016-10-14 04:30:00,1255.89,-0.0,-257.99999999999727,300465.70899999986,0.0,9387.546000000206,0.030296748052558633,43.0
303,2016-10-14 02:00:00,sell,1.0,1257.76,1259.0,1254.04,2016-10-14 13:45:00,1254.04,0.0,342.00000000000273,300807.70899999986,0.0,9045.546000000206,0.029192999763711387,43.0
304,2016-10-14 03:00:00,sell,1.0,1257.63,1259.0,1253.5200000000004,2016-10-14 13:45:00,1253.5200000000004,0.0,380.99999999996726,301188.7089999998,0.0,8664.546000000264,0.027963385441925604,43.0
305,2016-10-14 03:30:00,sell,1.0,1257.58,1259.0,1253.3199999999997,2016-10-14 13:45:00,1253.3199999999997,0.0,396.0000000000218,301584.7089999998,0.0,8268.546000000264,0.026685361107470898,43.0
306,2016-10-12 23:15:00,buy,1.0,1255.21,1251.72,1265.68,2016-10-14 16:15:00,1251.72,-48.36,-330.6400000000009,301254.0689999998,1.0,8599.186000000278,0.027752446880057065,43.0
307,2016-10-17 06:30:00,buy,1.0,1253.28,1250.43,1261.8299999999997,2016-10-17 12:00:00,1250.43,-0.0,-314.9999999999909,300939.0689999998,0.0,8914.186000000278,0.028769057146100584,45.0
308,2016-10-14 23:00:00,sell,1.0,1252.62,1256.76,1240.1999999999996,2016-10-17 17:00:00,1256.76,6.527,-450.52700000001,300488.5419999998,2.0,9364.71300000028,0.03022305833127452,45.0
309,2016-10-17 12:15:00,sell,1.0,1250.45,1255.53,1235.2100000000003,2016-10-17 17:00:00,1255.53,0.0,-537.9999999999927,299950.5419999998,0.0,9902.71300000028,0.03195936411899329,45.0
310,2016-10-17 16:30:00,sell,1.0,1252.49,1255.53,1243.3700000000001,2016-10-17 17:00:00,1255.53,0.0,-333.99999999999636,299616.5419999998,0.0,10236.71300000028,0.03303729373441721,45.0
311,2016-10-18 00:15:00,sell,1.0,1254.34,1256.45,1248.0099999999995,2016-10-18 04:15:00,1256.45,0.0,-241.00000000001273,299375.5419999998,0.0,10477.71300000028,0.03381508127129495,45.0
312,2016-10-13 16:30:00,sell,1.0,1256.62,1260.39,1245.3099999999993,2016-10-18 07:45:00,1260.39,19.581,-426.58100000002094,298948.9609999998,4.0,10904.294000000285,0.03519180071224452,45.0
313,2016-10-18 02:45:00,buy,1.0,1255.91,1254.26,1260.8600000000004,2016-10-18 10:15:00,1260.8600000000004,-0.0,465.0000000000273,299413.9609999998,0.0,10439.294000000285,0.03369109031951362,45.0
314,2016-10-13 13:00:00,sell,1.0,1257.1,1261.05,1245.2499999999998,2016-10-18 10:30:00,1261.05,19.581,-444.58100000000456,298969.3799999998,4.0,10883.875000000291,0.03512590177566567,45.0
315,2016-10-17 15:30:00,buy,1.0,1253.64,1250.45,1263.2100000000003,2016-10-18 12:15:00,1263.2100000000003,-12.09,939.0900000000164,299908.4699999998,0.0,9944.785000000265,0.03209514452252652,45.0
316,2016-10-18 17:30:00,sell,1.0,1258.79,1262.84,1246.64,2016-10-18 19:30:00,1262.84,0.0,-434.99999999999545,299473.4699999998,0.0,10379.785000000265,0.03349903488991995,45.0
317,2016-10-19 08:45:00,sell,1.0,1261.02,1264.23,1251.3899999999999,2016-10-19 12:45:00,1264.23,0.0,-351.00000000000364,299122.4699999998,0.0,10730.785000000265,0.034631829186368444,45.0
318,2016-10-17 17:00:00,buy,1.0,1254.89,1250.45,1268.2100000000003,2016-10-19 13:30:00,1268.2100000000003,-24.18,1326.1800000000164,300448.6499999998,1.0,9404.605000000272,0.030351803146299917,45.0
319,2016-10-19 12:30:00,buy,1.0,1263.22,1260.66,1270.8999999999999,2016-10-19 14:00:00,1270.8999999999999,-0.0,737.9999999999836,301186.6499999998,0.0,8666.605000000272,0.02797003052299796,45.0
320,2016-10-20 00:45:00,buy,1.0,1269.68,1268.1,1274.4200000000005,2016-10-20 00:45:00,1268.1,-0.0,-188.00000000001546,300998.6499999998,0.0,8854.605000000272,0.028576769348446156,45.0
321,2016-10-19 22:45:00,sell,1.0,1268.21,1272.03,1256.7500000000002,2016-10-20 05:45:00,1272.03,19.581,-431.58099999999365,300567.0689999998,0.0,9286.186000000278,0.02996962546028531,45.0
322,2016-10-20 02:00:00,sell,1.0,1269.27,1272.03,1260.99,2016-10-20 05:45:00,1272.03,0.0,-305.9999999999991,300261.0689999998,0.0,9592.186000000278,0.030957189718727584,45.0
323,2016-10-20 02:30:00,buy,1.0,1269.46,1267.95,1273.99,2016-10-20 11:15:00,1267.95,-0.0,-180.9999999999991,300080.0689999998,0.0,9773.186000000278,0.03154133720493037,45.0
324,2016-10-20 15:45:00,buy,1.0,1270.09,1268.26,1275.5799999999997,2016-10-20 16:45:00,1268.26,-0.0,-212.99999999999272,299867.0689999998,0.0,9986.186000000278,0.03222875938482646,45.0
325,2016-10-20 11:00:00,sell,1.0,1270.04,1272.59,1262.39,2016-10-20 17:15:00,1272.59,0.0,-284.99999999999545,299582.0689999998,0.0,10271.186000000278,0.0331485496255325,45.0
326,2016-10-21 20:30:00,sell,1.0,1264.5,1267.53,1255.41,2016-10-21 23:00:00,1267.53,0.0,-332.99999999999727,299249.0689999998,0.0,10604.186000000278,0.0342232519067785,46.0
327,2016-10-24 04:30:00,buy,1.0,1266.41,1265.62,1268.7800000000007,2016-10-24 05:00:00,1265.62,-0.0,-109.0000000000191,299140.0689999998,0.0,10713.186000000278,0.03457503133217134,48.0
328,2016-10-21 21:00:00,buy,1.0,1265.91,1263.89,1271.97,2016-10-24 05:15:00,1263.89,-12.09,-219.90999999999818,298920.1589999998,2.0,10933.096000000252,0.035284754391236746,48.0
329,2016-10-24 10:30:00,buy,1.0,1265.44,1262.74,1273.5400000000002,2016-10-24 15:30:00,1262.74,-0.0,-300.00000000000455,298620.1589999998,0.0,11233.096000000252,0.03625295464461153,48.0
330,2016-10-24 04:00:00,sell,1.0,1266.09,1267.45,1262.0099999999995,2016-10-24 16:30:00,1267.45,0.0,-166.00000000001273,298454.1589999998,0.0,11399.096000000252,0.036788692118145574,48.0
331,2016-10-24 05:15:00,sell,1.0,1264.81,1267.45,1256.8899999999996,2016-10-24 16:30:00,1267.45,0.0,-294.00000000001,298160.1589999998,0.0,11693.096000000252,0.037737528366452854,48.0
332,2016-10-24 15:15:00,sell,1.0,1264.16,1266.79,1256.2700000000004,2016-10-24 16:30:00,1266.79,0.0,-292.9999999999882,297867.1589999998,0.0,11986.096000000252,0.038683137280582224,48.0
333,2016-10-24 16:45:00,buy,1.0,1270.59,1262.97,1293.4499999999996,2016-10-24 18:15:00,1262.97,-0.0,-791.9999999999891,297075.1589999998,0.0,12778.096000000252,0.041239185949491636,48.0
334,2016-10-21 13:00:00,buy,1.0,1264.51,1261.48,1273.6,2016-10-24 19:00:00,1261.48,-12.09,-320.9099999999973,296754.24899999984,3.0,13099.006000000227,0.04227486976052656,48.0
335,2016-10-25 03:00:00,buy,1.0,1264.29,1262.11,1270.8300000000002,2016-10-25 04:45:00,1262.11,-0.0,-248.00000000000637,296506.24899999984,0.0,13347.006000000227,0.04307524863664971,48.0
336,2016-10-25 03:45:00,sell,1.0,1262.93,1264.79,1257.3500000000004,2016-10-25 05:30:00,1264.79,0.0,-215.99999999999,296290.24899999984,0.0,13563.006000000227,0.04377235281907955,48.0
337,2016-10-24 18:45:00,sell,1.0,1263.19,1271.49,1238.2900000000002,2016-10-25 19:00:00,1271.49,6.527,-866.5269999999955,295423.72199999983,1.0,14429.533000000229,0.04656892502226651,48.0
338,2016-10-25 06:00:00,buy,1.0,1264.77,1262.48,1271.6399999999999,2016-10-25 19:00:00,1271.6399999999999,-0.0,656.9999999999891,296080.72199999983,0.0,13772.533000000229,0.044448566467375744,48.0
339,2016-10-20 18:30:00,sell,1.0,1265.65,1273.41,1242.3700000000001,2016-10-25 19:30:00,1273.41,19.581,-825.5809999999991,295255.1409999998,5.0,14598.114000000234,0.047112992245313776,48.0
340,2016-10-14 20:30:00,buy,1.0,1256.31,1249.9,1275.5399999999995,2016-10-25 22:00:00,1275.5399999999995,-108.81,2001.8099999999563,297256.95099999977,11.0,12596.304000000295,0.040652482414620085,48.0
341,2016-10-26 12:00:00,buy,1.0,1274.67,1273.48,1278.2400000000002,2016-10-26 13:30:00,1273.48,-0.0,-149.00000000000546,297107.95099999977,0.0,12745.304000000295,0.04113335520712955,48.0
342,2016-10-26 11:15:00,sell,1.0,1273.85,1275.93,1267.6099999999994,2016-10-26 19:30:00,1267.6099999999994,0.0,594.0000000000464,297701.9509999998,0.0,12151.304000000237,0.039216318705447305,48.0
343,2016-10-26 13:30:00,sell,1.0,1273.89,1275.93,1267.7700000000002,2016-10-26 19:30:00,1267.7700000000002,0.0,581.9999999999891,298283.9509999998,0.0,11569.304000000237,0.037338010213900236,48.0
344,2016-10-27 10:00:00,buy,1.0,1267.27,1265.48,1272.6399999999999,2016-10-27 17:30:00,1272.6399999999999,-0.0,506.9999999999891,298790.9509999998,0.0,11062.304000000237,0.03570175178569686,48.0
345,2016-10-27 23:15:00,buy,1.0,1270.01,1266.5,1280.54,2016-10-28 01:45:00,1266.5,-12.09,-368.9099999999991,298422.04099999985,0.0,11431.214000000211,0.03689234763727174,48.0
346,2016-10-28 03:00:00,sell,1.0,1268.05,1270.09,1261.93,2016-10-28 04:00:00,1270.09,0.0,-233.99999999999636,298188.04099999985,0.0,11665.214000000211,0.03764754383490407,48.0
347,2016-10-28 05:00:00,buy,1.0,1269.48,1265.66,1280.9399999999998,2016-10-28 13:30:00,1265.66,-0.0,-411.99999999999363,297776.04099999985,0.0,12077.214000000211,0.03897720551620543,48.0
348,2016-10-27 19:15:00,sell,1.0,1266.5,1271.96,1250.12,2016-10-28 18:00:00,1271.96,6.527,-582.5270000000037,297193.51399999985,0.0,12659.741000000213,0.04085721481286427,48.0
349,2016-10-28 11:15:00,sell,1.0,1267.77,1271.48,1256.6399999999999,2016-10-28 18:00:00,1271.48,0.0,-401.00000000000364,296792.51399999985,0.0,13060.741000000213,0.04215137581820856,48.0
350,2016-10-18 19:45:00,buy,1.0,1262.87,1257.54,1278.8599999999997,2016-10-28 22:30:00,1278.8599999999997,-145.07999999999998,1714.079999999978,298506.5939999998,10.0,11346.661000000255,0.036619466850526555,48.0
351,2016-10-31 11:15:00,sell,1.0,1274.22,1277.82,1263.4200000000003,2016-10-31 23:45:00,1277.82,0.0,-389.9999999999909,298116.5939999998,0.0,11736.661000000255,0.03787812717991377,51.0
352,2016-10-31 22:30:00,buy,1.0,1275.14,1272.2,1283.9600000000003,2016-11-01 14:15:00,1283.9600000000003,-12.09,864.0900000000164,298980.68399999983,0.0,10872.57100000023,0.03508941999011831,51.0
353,2016-10-08 00:30:00,buy,1.0,1255.69,1244.77,1288.4500000000003,2016-11-01 17:00:00,1288.4500000000003,-265.98,3511.980000000022,302492.6639999999,24.0,7360.5910000001895,0.023755086903960998,51.0
354,2016-11-02 05:00:00,sell,1.0,1287.81,1291.49,1276.7699999999998,2016-11-02 08:00:00,1291.49,0.0,-398.00000000000637,302094.6639999999,0.0,7758.5910000001895,0.02503956590677154,51.0
355,2016-10-28 18:30:00,buy,1.0,1270.72,1263.42,1292.62,2016-11-02 08:30:00,1292.62,-36.269999999999996,2196.2699999999863,304290.93399999983,4.0,5562.321000000229,0.01795146867184025,51.0
356,2016-11-02 05:15:00,buy,1.0,1289.11,1287.1,1295.1399999999999,2016-11-02 11:45:00,1295.1399999999999,-0.0,572.9999999999973,304863.93399999983,0.0,4989.321000000229,0.016102206187894423,51.0
357,2016-11-02 23:45:00,sell,1.0,1296.34,1306.67,1265.3499999999995,2016-11-03 07:30:00,1306.67,19.581,-1082.5810000000154,303781.3529999998,0.0,6071.902000000235,0.019596056849556846,51.0
358,2016-11-03 07:00:00,buy,1.0,1300.91,1296.35,1314.5900000000006,2016-11-03 12:15:00,1296.35,-0.0,-486.0000000000173,303295.3529999998,0.0,6557.902000000235,0.021164541260023987,51.0
359,2016-11-04 07:00:00,sell,1.0,1300.07,1303.47,1289.8699999999997,2016-11-04 16:30:00,1303.47,0.0,-370.0000000000091,302925.3529999998,0.0,6927.902000000235,0.02235865490585288,52.0
360,2016-11-03 12:15:00,sell,1.0,1296.52,1305.86,1268.5000000000002,2016-11-04 17:00:00,1305.86,6.527,-970.5269999999919,301954.8259999998,1.0,7898.429000000237,0.025490869863543097,52.0
361,2016-11-04 22:30:00,sell,1.0,1301.67,1304.99,1291.7100000000003,2016-11-05 00:00:00,1304.99,6.527,-368.5269999999936,301586.2989999998,0.0,8266.956000000238,0.02668022964612793,52.0
362,2016-11-04 13:00:00,buy,1.0,1301.27,1294.97,1320.1699999999998,2016-11-07 03:00:00,1294.97,-12.09,-647.9099999999954,300938.38899999985,2.0,8914.866000000213,0.028771251733341354,54.0
363,2016-11-04 23:15:00,buy,1.0,1303.98,1301.14,1312.4999999999998,2016-11-07 03:00:00,1301.14,-12.09,-301.90999999999184,300636.4789999999,2.0,9216.776000000187,0.029745616194995873,54.0
364,2016-11-03 19:00:00,buy,1.0,1300.09,1286.34,1341.34,2016-11-07 12:45:00,1286.34,-24.18,-1380.82,299255.65899999987,3.0,10597.596000000194,0.034201983774545766,54.0
365,2016-11-08 05:30:00,buy,1.0,1281.94,1279.24,1290.0400000000002,2016-11-08 17:00:00,1279.24,-0.0,-300.00000000000455,298955.65899999987,0.0,10897.596000000194,0.03517018402792055,55.0
366,2016-11-08 16:15:00,sell,1.0,1281.13,1284.83,1270.0300000000007,2016-11-08 19:15:00,1284.83,0.0,-399.9999999999818,298555.65899999987,0.0,11297.596000000194,0.036461117699086915,55.0
367,2016-11-08 19:45:00,buy,1.0,1288.02,1279.74,1312.86,2016-11-08 20:15:00,1279.74,-0.0,-857.9999999999973,297697.65899999987,0.0,12155.596000000194,0.03923017042373878,55.0
368,2016-11-08 20:30:00,sell,1.0,1278.17,1288.02,1248.6200000000003,2016-11-09 06:00:00,1288.02,6.527,-1021.526999999991,296676.13199999987,0.0,13177.123000000196,0.04252697942450272,55.0
369,2016-11-07 03:15:00,sell,1.0,1292.85,1304.92,1256.6399999999994,2016-11-09 06:15:00,1304.92,13.054,-1250.0540000000165,295426.07799999986,2.0,14427.1770000002,0.046561321422943246,55.0
370,2016-11-09 06:00:00,buy,1.0,1284.86,1269.57,1330.7299999999998,2016-11-09 08:45:00,1330.7299999999998,-0.0,4556.999999999989,299983.07799999986,0.0,9870.1770000002,0.031854359574180355,55.0
371,2016-11-10 05:45:00,buy,1.0,1284.29,1271.9,1321.4599999999996,2016-11-10 18:30:00,1271.9,-0.0,-1268.9999999999873,298714.07799999986,0.0,11139.1770000002,0.03594984664595567,56.0
372,2016-11-10 14:30:00,sell,1.0,1281.33,1290.62,1253.46,2016-11-11 00:30:00,1253.46,6.527,2750.472999999989,301464.55099999986,0.0,8388.704000000202,0.02707315112762072,56.0
373,2016-11-11 10:30:00,buy,1.0,1262.22,1254.54,1285.2600000000002,2016-11-11 12:00:00,1254.54,-0.0,-798.0000000000064,300666.55099999986,0.0,9186.704000000202,0.02964856380159763,56.0
374,2016-11-11 17:30:00,buy,1.0,1259.58,1254.08,1276.08,2016-11-11 18:15:00,1254.08,-0.0,-580.0,300086.55099999986,0.0,9766.704000000202,0.03152041762478887,56.0
375,2016-11-11 12:00:00,sell,1.0,1258.34,1263.0,1244.3599999999997,2016-11-11 18:45:00,1244.3599999999997,0.0,1368.0000000000246,301454.55099999986,0.0,8398.704000000202,0.027105424469399876,56.0
376,2016-11-11 18:30:00,sell,1.0,1254.8,1259.98,1239.2599999999998,2016-11-11 18:45:00,1239.2599999999998,0.0,1524.000000000019,302978.55099999986,0.0,6874.704000000202,0.022186967182256,56.0
377,2016-11-14 12:30:00,sell,1.0,1216.84,1226.12,1189.0,2016-11-14 14:00:00,1226.12,0.0,-957.9999999999973,302020.55099999986,0.0,7832.704000000202,0.025278753324699463,58.0
378,2016-11-14 11:45:00,buy,1.0,1223.66,1212.86,1256.0600000000006,2016-11-14 18:45:00,1212.86,-0.0,-1110.0000000000182,300910.55099999986,0.0,8942.704000000202,0.028861094262186145,58.0
379,2016-11-14 13:00:00,buy,1.0,1222.76,1212.86,1252.4600000000003,2016-11-14 18:45:00,1212.86,-0.0,-1020.0000000000091,299890.55099999986,0.0,9962.704000000202,0.03215297512366039,58.0
380,2016-11-14 18:15:00,sell,1.0,1218.39,1226.57,1193.8500000000006,2016-11-14 21:30:00,1226.57,0.0,-847.9999999999836,299042.55099999986,0.0,10810.704000000202,0.0348897545065331,58.0
381,2016-11-15 00:00:00,sell,1.0,1217.32,1226.62,1189.42,2016-11-15 04:00:00,1226.62,0.0,-959.9999999999955,298082.55099999986,0.0,11770.704000000202,0.03798799531733239,58.0
382,2016-11-15 14:45:00,buy,1.0,1227.11,1223.53,1237.8499999999997,2016-11-15 16:30:00,1223.53,-0.0,-387.9999999999927,297694.55099999986,0.0,12158.704000000202,0.039240200978363775,58.0
383,2016-11-15 15:45:00,buy,1.0,1226.32,1223.53,1234.6899999999998,2016-11-15 16:30:00,1223.53,-0.0,-308.99999999999636,297385.55099999986,0.0,12467.704000000202,0.040237447239339794,58.0
384,2016-11-15 14:30:00,sell,1.0,1224.68,1230.09,1208.4500000000005,2016-11-16 05:00:00,1230.09,6.527,-577.5269999999855,296808.02399999986,0.0,13045.231000000203,0.04210131986510905,58.0
385,2016-11-15 15:15:00,sell,1.0,1225.62,1230.09,1212.2099999999998,2016-11-16 05:00:00,1230.09,6.527,-483.5270000000027,296324.49699999986,0.0,13528.758000000205,0.043661823078154215,58.0
386,2016-11-15 16:30:00,sell,1.0,1225.46,1230.09,1211.5700000000004,2016-11-16 05:00:00,1230.09,6.527,-499.52699999998816,295824.96999999986,0.0,14028.285000000207,0.04527396363804603,58.0
387,2016-11-16 01:00:00,buy,1.0,1227.95,1222.93,1243.01,2016-11-16 16:00:00,1222.93,-0.0,-531.9999999999982,295292.96999999986,0.0,14560.285000000207,0.0469909054206973,58.0
388,2016-11-17 08:45:00,sell,1.0,1225.61,1227.96,1218.5599999999995,2016-11-17 11:45:00,1227.96,0.0,-265.00000000001364,295027.96999999986,0.0,14825.285000000207,0.047846148977845025,58.0
389,2016-11-16 20:00:00,sell,1.0,1224.28,1229.66,1208.1399999999996,2016-11-17 14:30:00,1229.66,19.581,-587.5810000000109,294440.38899999985,0.0,15412.866000000213,0.049742469221439066,58.0
390,2016-11-16 22:15:00,sell,1.0,1225.39,1229.66,1212.5800000000002,2016-11-17 14:30:00,1229.66,19.581,-476.5809999999982,293963.80799999984,0.0,15889.447000000218,0.05128055537128443,58.0
391,2016-11-17 04:15:00,buy,1.0,1226.86,1223.65,1236.4899999999993,2016-11-17 17:30:00,1223.65,-0.0,-350.9999999999809,293612.80799999984,0.0,16240.447000000218,0.05241334966773292,58.0
392,2016-11-17 12:00:00,buy,1.0,1228.22,1225.09,1237.6100000000004,2016-11-17 17:30:00,1225.09,-0.0,-343.0000000000109,293269.80799999984,0.0,16583.44700000022,0.053520325290758085,58.0
393,2016-11-16 18:30:00,buy,1.0,1229.66,1222.78,1250.3000000000004,2016-11-17 17:45:00,1222.78,-36.269999999999996,-681.7300000000109,292588.0779999998,0.0,17265.177000000258,0.05572049581986884,58.0
394,2016-11-16 21:15:00,buy,1.0,1228.28,1222.78,1244.78,2016-11-17 17:45:00,1222.78,-36.269999999999996,-543.73,292044.3479999998,0.0,17808.90700000024,0.05747529423242701,58.0
395,2016-11-15 01:45:00,buy,1.0,1220.19,1212.49,1243.2900000000002,2016-11-17 22:45:00,1212.49,-48.36,-751.6400000000045,291292.7079999998,2.0,18560.547000000253,0.059901087693915785,58.0
396,2016-11-14 22:00:00,buy,1.0,1226.62,1211.45,1272.1299999999994,2016-11-17 23:00:00,1211.45,-60.45,-1486.5499999999845,289806.1579999998,3.0,20047.09700000024,0.06469868131609667,58.0
397,2016-11-16 11:30:00,sell,1.0,1225.8,1232.07,1206.99,2016-11-18 05:30:00,1206.99,26.108,1824.8919999999946,291631.0499999998,1.0,18222.20500000025,0.05880914499349134,58.0
398,2016-11-17 17:45:00,sell,1.0,1224.13,1230.21,1205.8900000000003,2016-11-18 05:30:00,1205.8900000000003,6.527,1787.4729999999781,293418.5229999998,0.0,16434.73200000025,0.05304037228848943,58.0
399,2016-11-18 20:15:00,sell,1.0,1207.26,1215.46,1182.6599999999999,2016-11-21 11:30:00,1215.46,6.527,-856.5270000000046,292561.9959999998,2.0,17291.259000000253,0.05580467114989723,61.0
400,2016-11-21 19:30:00,buy,1.0,1214.9,1212.92,1220.8400000000001,2016-11-21 20:15:00,1212.92,-0.0,-228.00000000000182,292333.9959999998,0.0,17519.259000000253,0.05654050334246206,61.0
401,2016-11-21 19:00:00,sell,1.0,1213.26,1216.93,1202.2499999999998,2016-11-22 04:00:00,1216.93,6.527,-403.52700000000726,291930.4689999998,0.0,17922.786000000255,0.05784281982127395,61.0
402,2016-11-21 20:30:00,sell,1.0,1212.43,1216.93,1198.93,2016-11-22 04:00:00,1216.93,6.527,-486.527,291443.9419999998,0.0,18409.313000000257,0.05941300503685286,61.0
403,2016-11-22 13:00:00,buy,1.0,1217.41,1214.35,1226.5900000000006,2016-11-22 16:45:00,1214.35,-0.0,-336.0000000000173,291107.9419999998,0.0,18745.313000000257,0.06049738932063261,61.0
404,2016-11-22 03:00:00,buy,1.0,1213.23,1209.75,1223.67,2016-11-22 19:15:00,1209.75,-0.0,-378.0000000000018,290729.9419999998,0.0,19123.313000000257,0.06171732163988483,61.0
405,2016-11-21 05:15:00,buy,1.0,1211.23,1206.15,1226.4699999999998,2016-11-22 19:30:00,1206.15,-12.09,-525.9099999999927,290204.03199999983,1.0,19649.22300000023,0.06341460895739251,61.0
406,2016-11-23 11:00:00,buy,1.0,1214.34,1211.96,1221.4799999999996,2016-11-23 12:15:00,1211.96,-0.0,-267.9999999999882,289936.03199999983,0.0,19917.22300000023,0.06427953451707398,61.0
407,2016-11-23 04:00:00,buy,1.0,1212.87,1210.2,1220.8799999999994,2016-11-23 12:30:00,1210.2,-0.0,-296.99999999998454,289639.03199999983,0.0,20214.22300000023,0.06523805276791501,61.0
408,2016-11-18 16:00:00,buy,1.0,1212.26,1204.71,1234.9099999999999,2016-11-23 17:15:00,1204.71,-36.269999999999996,-748.7299999999955,288890.30199999985,5.0,20962.953000000212,0.06765445468694595,61.0
409,2016-11-22 16:45:00,sell,1.0,1215.08,1218.49,1204.8499999999997,2016-11-23 17:15:00,1204.8499999999997,6.527,986.4730000000245,289876.77499999985,1.0,19976.480000000214,0.06447077665845469,61.0
410,2016-11-23 10:15:00,sell,1.0,1212.0,1214.85,1203.4500000000003,2016-11-23 17:15:00,1203.4500000000003,0.0,824.9999999999727,290701.77499999985,0.0,19151.480000000214,0.061808225961674054,61.0
411,2016-11-23 12:30:00,sell,1.0,1212.14,1214.85,1204.0100000000007,2016-11-23 17:15:00,1204.0100000000007,0.0,782.9999999999427,291484.7749999998,0.0,18368.480000000272,0.059281223300366066,61.0
412,2016-11-22 11:15:00,sell,1.0,1214.67,1219.86,1199.1000000000006,2016-11-23 17:30:00,1199.1000000000006,6.527,1520.4729999999481,293005.24799999973,1.0,16848.007000000332,0.05437414882086789,61.0
413,2016-11-09 13:15:00,sell,1.0,1297.31,1333.88,1187.5999999999995,2016-11-23 19:00:00,1187.5999999999995,91.378,10849.622000000049,303854.86999999976,14.0,5998.3850000003,0.01935879292279921,61.0
414,2016-11-24 19:00:00,buy,1.0,1186.91,1185.18,1192.1000000000001,2016-11-24 20:00:00,1185.18,-0.0,-203.00000000000182,303651.86999999976,0.0,6201.3850000003,0.020013941760916143,62.0
415,2016-11-24 13:45:00,buy,1.0,1187.99,1182.17,1205.4499999999998,2016-11-24 21:45:00,1182.17,-0.0,-611.9999999999936,303039.86999999976,0.0,6813.3850000003,0.02198907027780069,62.0
416,2016-11-24 17:15:00,sell,1.0,1185.18,1189.6,1171.9200000000005,2016-11-25 05:00:00,1171.9200000000005,6.527,1289.4729999999536,304329.3429999997,0.0,5523.91200000036,0.0178275099934011,62.0
417,2016-11-24 20:00:00,sell,1.0,1185.87,1189.57,1174.7699999999998,2016-11-25 05:00:00,1174.7699999999998,6.527,1073.4730000000136,305402.8159999997,0.0,4450.439000000362,0.014363053891431159,62.0
418,2016-11-25 20:00:00,sell,1.0,1184.79,1189.87,1169.5500000000002,2016-11-28 04:15:00,1189.87,6.527,-544.5269999999928,304858.2889999997,2.0,4994.966000000364,0.016120424489329193,64.0
419,2016-11-28 21:45:00,sell,1.0,1188.63,1191.79,1179.1500000000005,2016-11-28 22:15:00,1191.79,0.0,-345.99999999998545,304512.2889999997,0.0,5340.966000000364,0.017237082114888103,64.0
420,2016-11-28 21:00:00,buy,1.0,1191.17,1184.05,1212.5300000000004,2016-11-29 16:45:00,1184.05,-12.09,-729.9100000000118,303782.37899999967,0.0,6070.876000000397,0.019592745604690827,64.0
421,2016-11-28 22:15:00,buy,1.0,1190.93,1184.05,1211.5700000000004,2016-11-29 16:45:00,1184.05,-12.09,-705.9100000000109,303076.46899999963,0.0,6776.786000000429,0.021870953074223563,64.0
422,2016-11-29 07:30:00,sell,1.0,1189.79,1194.64,1175.2399999999996,2016-11-30 06:00:00,1194.64,6.527,-521.5270000000137,302554.94199999963,0.0,7298.313000000431,0.02355409498602953,64.0
423,2016-11-30 09:45:00,buy,1.0,1190.82,1188.43,1197.9899999999996,2016-11-30 10:00:00,1188.43,-0.0,-268.99999999998727,302285.94199999963,0.0,7567.313000000431,0.024422247879888916,64.0
424,2016-11-29 21:30:00,buy,1.0,1188.6,1181.94,1208.5799999999995,2016-11-30 17:00:00,1181.94,-12.09,-683.9099999999854,301602.03199999966,0.0,8251.223000000406,0.026629453997507317,64.0
425,2016-11-28 04:15:00,buy,1.0,1188.53,1178.72,1217.9599999999998,2016-11-30 18:15:00,1178.72,-24.18,-986.8199999999946,300615.21199999965,2.0,9238.043000000413,0.029814251910958336,64.0
426,2016-11-30 09:00:00,sell,1.0,1189.39,1193.45,1177.2100000000003,2016-11-30 18:30:00,1177.2100000000003,0.0,1187.9999999999836,301803.21199999965,0.0,8050.043000000413,0.02598017890759421,64.0
427,2016-11-25 11:15:00,buy,1.0,1186.79,1174.15,1224.7099999999996,2016-11-30 20:00:00,1174.15,-36.269999999999996,-1257.7299999999873,300545.48199999967,5.0,9307.773000000394,0.030039293923184354,64.0
428,2016-11-30 10:15:00,sell,1.0,1188.47,1193.45,1173.53,2016-11-30 20:00:00,1173.53,0.0,1464.0000000000055,302009.48199999967,0.0,7843.773000000394,0.025314476686715433,64.0
429,2016-11-28 14:30:00,sell,1.0,1189.55,1196.74,1167.9799999999998,2016-12-01 05:15:00,1167.9799999999998,32.635,2094.365000000016,304103.84699999966,2.0,5749.408000000403,0.01855526094118457,64.0
430,2016-12-01 09:45:00,buy,1.0,1174.41,1166.08,1199.4000000000005,2016-12-01 18:15:00,1166.08,-0.0,-863.0000000000155,303240.84699999966,0.0,6612.408000000403,0.021340450336726016,64.0
431,2016-12-01 13:00:00,sell,1.0,1168.98,1176.34,1146.9000000000003,2016-12-02 05:00:00,1176.34,6.527,-772.52699999999,302468.31999999966,0.0,7384.935000000405,0.02383365312718888,64.0
432,2016-12-02 14:45:00,sell,1.0,1171.96,1176.3,1158.9400000000003,2016-12-02 19:00:00,1176.3,0.0,-463.9999999999918,302004.31999999966,0.0,7848.935000000405,0.02533113618574187,64.0
433,2016-12-05 09:45:00,buy,1.0,1177.1,1172.77,1190.0899999999997,2016-12-05 11:00:00,1172.77,-0.0,-462.9999999999927,301541.31999999966,0.0,8311.935000000405,0.026825391910116948,66.0
434,2016-12-02 19:15:00,buy,1.0,1176.99,1169.55,1199.3100000000002,2016-12-05 12:15:00,1169.55,-12.09,-761.9100000000054,300779.4099999996,2.0,9073.845000000438,0.02928433009361298,66.0
435,2016-12-01 23:00:00,buy,1.0,1171.81,1162.04,1201.12,2016-12-05 19:00:00,1162.04,-24.18,-982.8199999999982,299796.5899999996,3.0,10056.665000000445,0.03245621867035233,66.0
436,2016-12-05 11:00:00,sell,1.0,1174.35,1179.23,1159.7099999999996,2016-12-05 19:00:00,1159.7099999999996,0.0,1434.0000000000327,301230.5899999997,0.0,8622.665000000386,0.027828221459220703,66.0
437,2016-12-06 12:15:00,buy,1.0,1172.99,1169.82,1182.5000000000002,2016-12-06 15:30:00,1169.82,-0.0,-347.0000000000073,300883.5899999997,0.0,8969.665000000386,0.02894810641895753,66.0
438,2016-12-06 12:45:00,buy,1.0,1172.46,1169.82,1180.3800000000003,2016-12-06 15:30:00,1169.82,-0.0,-294.00000000001,300589.5899999997,0.0,9263.665000000386,0.029896942667264816,66.0
439,2016-12-06 14:00:00,sell,1.0,1170.8,1173.1,1163.9,2016-12-06 16:30:00,1173.1,0.0,-259.99999999999545,300329.5899999997,0.0,9523.665000000386,0.030736049553522955,66.0
440,2016-12-06 12:30:00,sell,1.0,1171.31,1174.05,1163.09,2016-12-06 16:45:00,1174.05,0.0,-304.0000000000009,300025.5899999997,0.0,9827.665000000386,0.0317171591436094,66.0
441,2016-12-06 16:45:00,buy,1.0,1173.21,1170.2,1182.24,2016-12-06 18:00:00,1170.2,-0.0,-330.9999999999991,299694.5899999997,0.0,10158.665000000386,0.03278540675649957,66.0
442,2016-12-06 10:30:00,sell,1.0,1169.82,1174.77,1154.9699999999998,2016-12-06 18:30:00,1174.77,0.0,-525.0000000000045,299169.5899999997,0.0,10683.665000000386,0.03447975719990543,66.0
443,2016-12-06 18:15:00,sell,1.0,1170.21,1173.21,1161.21,2016-12-06 18:30:00,1173.21,0.0,-330.0,298839.5899999997,0.0,11013.665000000386,0.035544777478617694,66.0
444,2016-12-06 18:45:00,buy,1.0,1175.11,1170.2,1189.8399999999995,2016-12-06 20:45:00,1170.2,-0.0,-520.9999999999854,298318.5899999997,0.0,11534.665000000386,0.03722621858531189,66.0
445,2016-12-07 08:00:00,buy,1.0,1169.19,1167.87,1173.1500000000005,2016-12-07 08:45:00,1167.87,-0.0,-162.00000000001637,298156.5899999997,0.0,11696.665000000386,0.03774904672213427,66.0
446,2016-12-07 08:30:00,sell,1.0,1168.75,1169.83,1165.5100000000002,2016-12-07 09:45:00,1165.5100000000002,0.0,293.9999999999782,298450.5899999997,0.0,11402.665000000386,0.036800210473826984,66.0
447,2016-12-06 20:45:00,sell,1.0,1170.84,1175.11,1158.03,2016-12-07 17:45:00,1175.11,6.527,-463.52699999999817,297987.0629999997,0.0,11866.192000000388,0.03829616700331383,66.0
448,2016-12-07 12:30:00,buy,1.0,1170.03,1166.76,1179.84,2016-12-07 18:45:00,1179.84,-0.0,950.9999999999945,298938.0629999997,0.0,10915.192000000388,0.03522697220011578,66.0
449,2016-12-07 23:45:00,sell,1.0,1173.25,1178.35,1157.9500000000003,2016-12-08 07:30:00,1178.35,19.581,-559.5809999999909,298378.48199999967,0.0,11474.773000000394,0.03703292708672817,66.0
450,2016-12-08 11:30:00,sell,1.0,1175.3,1177.99,1167.2299999999998,2016-12-08 16:30:00,1177.99,0.0,-299.00000000000546,298079.48199999967,0.0,11773.773000000394,0.03799790000592503,66.0
451,2016-12-08 04:30:00,buy,1.0,1175.43,1172.22,1185.0600000000002,2016-12-08 16:45:00,1172.22,-0.0,-351.00000000000364,297728.48199999967,0.0,12124.773000000394,0.03913069430237353,66.0
452,2016-12-08 15:45:00,buy,1.0,1176.77,1174.24,1184.36,2016-12-08 16:45:00,1174.24,-0.0,-282.99999999999727,297445.48199999967,0.0,12407.773000000394,0.04004402987472373,66.0
453,2016-12-09 10:45:00,buy,1.0,1169.46,1165.85,1180.2900000000004,2016-12-09 15:45:00,1165.85,-0.0,-391.00000000001273,297054.48199999967,0.0,12798.773000000394,0.04130591753828886,66.0
454,2016-12-05 22:00:00,buy,1.0,1174.03,1159.47,1217.7099999999998,2016-12-09 21:00:00,1159.47,-72.53999999999999,-1413.4599999999946,295641.02199999965,3.0,14212.233000000415,0.04586762530540598,66.0
455,2016-12-08 17:00:00,sell,1.0,1172.76,1177.84,1157.5200000000002,2016-12-09 23:30:00,1157.5200000000002,6.527,1487.4729999999781,297128.49499999965,1.0,12724.760000000417,0.041067052853778846,66.0
456,2016-12-09 15:45:00,sell,1.0,1167.16,1171.37,1154.5300000000007,2016-12-12 04:30:00,1154.5300000000007,6.527,1226.4729999999427,298354.9679999996,2.0,11498.287000000477,0.03710881462258796,68.0
457,2016-12-13 17:45:00,buy,1.0,1162.54,1157.66,1177.1799999999996,2016-12-13 18:45:00,1157.66,-0.0,-517.9999999999882,297836.9679999996,0.0,12016.287000000477,0.03878057372674841,69.0
458,2016-12-13 19:15:00,sell,1.0,1156.38,1163.19,1135.9500000000003,2016-12-14 11:30:00,1163.19,6.527,-717.5269999999946,297119.4409999996,0.0,12733.814000000479,0.04109627313742589,69.0
459,2016-12-13 09:00:00,sell,1.0,1161.86,1164.78,1153.0999999999997,2016-12-14 18:00:00,1164.78,6.527,-328.52700000000726,296790.9139999996,1.0,13062.34100000048,0.04215653955289409,69.0
460,2016-12-14 17:30:00,sell,1.0,1160.18,1163.33,1150.7300000000005,2016-12-14 18:00:00,1163.33,0.0,-344.99999999998636,296445.9139999996,0.0,13407.34100000048,0.043269969844275086,69.0
461,2016-12-14 17:45:00,buy,1.0,1162.02,1159.95,1168.2299999999998,2016-12-14 22:00:00,1159.95,-0.0,-236.99999999999363,296208.9139999996,0.0,13644.34100000048,0.04403484804444116,69.0
462,2016-12-12 17:30:00,buy,1.0,1159.05,1152.43,1178.9099999999996,2016-12-14 23:00:00,1152.43,-24.18,-667.8199999999891,295541.0939999996,2.0,14312.161000000488,0.046190126355136994,69.0
463,2016-12-14 01:15:00,buy,1.0,1158.9,1155.88,1167.96,2016-12-14 23:00:00,1155.88,-0.0,-331.9999999999982,295209.0939999996,0.0,14644.161000000488,0.04726160130220509,69.0
464,2016-12-14 22:30:00,sell,1.0,1161.47,1164.33,1152.8900000000003,2016-12-14 23:00:00,1152.8900000000003,0.0,827.99999999997,296037.0939999995,0.0,13816.161000000546,0.04458936860289089,69.0
465,2016-12-05 06:00:00,sell,1.0,1172.92,1186.54,1132.0600000000004,2016-12-15 14:30:00,1132.0600000000004,78.324,3977.675999999967,300014.7699999995,10.0,9838.485000000568,0.03175207889941503,69.0
466,2016-12-16 01:00:00,sell,1.0,1126.69,1131.59,1111.9900000000005,2016-12-16 09:30:00,1131.59,0.0,-519.9999999999864,299494.7699999995,0.0,10358.485000000568,0.033430292671931316,69.0
467,2016-12-16 05:45:00,buy,1.0,1129.68,1126.69,1138.65,2016-12-16 20:15:00,1138.65,-0.0,867.0000000000027,300361.7699999995,0.0,9491.485000000568,0.03063219393967821,69.0
468,2016-12-16 18:45:00,sell,1.0,1131.17,1135.6,1117.8800000000006,2016-12-16 20:15:00,1135.6,0.0,-472.99999999998363,299888.7699999995,0.0,9964.485000000568,0.03215872300583244,69.0
469,2016-12-17 00:45:00,sell,1.0,1133.19,1139.27,1114.9500000000003,2016-12-19 05:15:00,1139.27,0.0,-637.9999999999927,299250.7699999995,2.0,10602.485000000568,0.0342177622113428,71.0
470,2016-12-19 03:30:00,buy,1.0,1134.92,1133.1,1140.3800000000006,2016-12-19 10:30:00,1140.3800000000006,-0.0,516.0000000000491,299766.76999999955,0.0,10086.48500000051,0.032552457775537995,71.0
471,2016-12-19 17:30:00,buy,1.0,1140.04,1137.09,1148.89,2016-12-19 19:00:00,1137.09,-0.0,-325.00000000000455,299441.76999999955,0.0,10411.48500000051,0.033601341383360676,71.0
472,2016-12-19 19:00:00,sell,1.0,1137.42,1140.08,1129.4400000000005,2016-12-19 19:15:00,1140.08,0.0,-295.99999999998545,299145.76999999955,0.0,10707.48500000051,0.03455663230002379,71.0
473,2016-12-19 19:45:00,sell,1.0,1138.51,1140.08,1133.8000000000002,2016-12-19 20:00:00,1140.08,0.0,-186.99999999999363,298958.76999999955,0.0,10894.48500000051,0.03516014379129407,71.0
474,2016-12-19 14:45:00,sell,1.0,1137.19,1141.42,1124.5,2016-12-19 20:15:00,1141.42,0.0,-453.0000000000018,298505.76999999955,0.0,11347.48500000051,0.036622126173889984,71.0
475,2016-12-19 19:30:00,buy,1.0,1140.01,1137.09,1148.7700000000002,2016-12-19 22:30:00,1137.09,-0.0,-322.0000000000073,298183.76999999955,0.0,11669.48500000051,0.03766132777917891,71.0
476,2016-12-19 20:00:00,buy,1.0,1139.57,1137.09,1147.01,2016-12-19 22:30:00,1137.09,-0.0,-278.0000000000018,297905.76999999955,0.0,11947.48500000051,0.03855852668063954,71.0
477,2016-12-20 07:45:00,buy,1.0,1139.19,1136.98,1145.8200000000002,2016-12-20 08:45:00,1136.98,-0.0,-251.00000000000364,297654.76999999955,0.0,12198.48500000051,0.03936858755929644,71.0
478,2016-12-20 08:30:00,sell,1.0,1137.85,1139.26,1133.6199999999997,2016-12-20 10:45:00,1133.6199999999997,0.0,393.00000000002456,298047.76999999955,0.0,11805.48500000051,0.03810024522737548,71.0
479,2016-12-16 20:45:00,buy,1.0,1138.18,1128.5,1167.2200000000003,2016-12-20 17:00:00,1128.5,-24.18,-973.8200000000064,297073.94999999955,3.0,12779.305000000517,0.041243087796513596,71.0
480,2016-12-21 05:45:00,sell,1.0,1130.96,1132.81,1125.4100000000003,2016-12-21 05:45:00,1132.81,0.0,-214.9999999999909,296858.94999999955,0.0,12994.305000000517,0.04193696464476552,71.0
481,2016-12-21 14:00:00,sell,1.0,1134.27,1136.83,1126.5900000000001,2016-12-21 18:00:00,1136.83,0.0,-285.99999999999454,296572.94999999955,0.0,13280.305000000517,0.04285998221964947,71.0
482,2016-12-21 16:45:00,buy,1.0,1135.32,1133.2,1141.6799999999996,2016-12-21 19:00:00,1133.2,-0.0,-241.9999999999891,296330.94999999955,0.0,13522.305000000517,0.043640997090705125,71.0
483,2016-12-21 06:00:00,buy,1.0,1134.83,1130.61,1147.49,2016-12-21 20:00:00,1130.61,-0.0,-452.00000000000273,295878.94999999955,0.0,13974.305000000517,0.04509975213912313,71.0
484,2016-12-22 12:30:00,buy,1.0,1131.19,1129.08,1137.5200000000004,2016-12-22 17:15:00,1129.08,-0.0,-241.00000000001273,295637.94999999955,0.0,14215.305000000517,0.04587753967600087,71.0
485,2016-12-22 14:30:00,buy,1.0,1130.97,1129.08,1136.6400000000003,2016-12-22 17:15:00,1129.08,-0.0,-219.00000000001,295418.94999999955,0.0,14434.305000000517,0.046584325860964455,71.0
486,2016-12-22 15:15:00,buy,1.0,1131.05,1129.08,1136.96,2016-12-22 17:15:00,1129.08,-0.0,-227.00000000000273,295191.94999999955,0.0,14661.305000000517,0.04731693071935137,71.0
487,2016-12-22 14:15:00,sell,1.0,1130.69,1131.96,1126.88,2016-12-22 18:30:00,1131.96,0.0,-156.99999999999818,295034.94999999955,0.0,14818.305000000517,0.04782362218528417,71.0
488,2016-12-22 14:45:00,sell,1.0,1130.74,1131.96,1127.08,2016-12-22 18:30:00,1131.96,0.0,-152.00000000000273,294882.94999999955,0.0,14970.305000000517,0.048314176980327396,71.0
489,2016-12-22 15:30:00,sell,1.0,1130.65,1131.96,1126.7200000000003,2016-12-22 18:30:00,1131.96,0.0,-160.99999999999454,294721.94999999955,0.0,15131.305000000517,0.048833777782971856,71.0
490,2016-12-22 19:15:00,buy,1.0,1133.03,1128.63,1146.2299999999996,2016-12-22 21:00:00,1128.63,-0.0,-469.99999999998636,294251.94999999955,0.0,15601.305000000517,0.05035062484659234,71.0
491,2016-12-23 18:00:00,sell,1.0,1130.18,1131.85,1125.1700000000005,2016-12-23 18:30:00,1131.85,0.0,-196.99999999998454,294054.94999999955,0.0,15798.305000000517,0.050986409679641784,71.0
492,2016-12-22 21:15:00,sell,1.0,1128.7,1133.07,1115.5900000000004,2016-12-23 18:45:00,1133.07,6.527,-473.5269999999891,293581.42299999954,0.0,16271.832000000519,0.052514639550907787,71.0
493,2016-12-23 05:45:00,buy,1.0,1129.78,1128.1,1134.8200000000002,2016-12-23 19:45:00,1134.8200000000002,-0.0,474.0000000000191,294055.42299999954,0.0,15797.832000000519,0.05098488315057564,71.0
494,2016-12-23 18:45:00,buy,1.0,1131.91,1130.13,1137.25,2016-12-24 01:00:00,1130.13,-12.09,-195.90999999999727,293859.51299999957,0.0,15993.742000000493,0.05161715018937106,71.0
495,2016-12-24 00:00:00,buy,1.0,1132.67,1130.18,1140.14,2016-12-24 01:00:00,1130.18,-0.0,-279.0000000000009,293580.51299999957,0.0,16272.742000000493,0.05251757642500961,71.0
496,2016-12-20 22:15:00,buy,1.0,1132.48,1126.87,1149.3100000000004,2016-12-24 01:15:00,1126.87,-72.53999999999999,-518.4600000000128,293062.05299999955,3.0,16791.202000000514,0.054190820102891966,71.0
497,2016-12-24 01:45:00,buy,1.0,1133.71,1131.21,1141.21,2016-12-24 01:45:00,1131.21,-0.0,-280.0,292782.05299999955,0.0,17071.202000000514,0.05509447367270843,71.0
498,2016-12-21 19:30:00,sell,1.0,1133.24,1136.02,1124.9,2016-12-27 06:30:00,1136.02,39.162,-347.16199999999725,292434.89099999954,5.0,17418.364000000525,0.056214881460582115,74.0
499,2016-12-23 23:30:00,sell,1.0,1131.31,1135.42,1118.9799999999996,2016-12-27 06:30:00,1135.42,13.054,-454.0540000000127,291980.83699999953,3.0,17872.41800000053,0.05768026545340156,74.0
500,2016-12-24 00:30:00,sell,1.0,1131.6,1135.42,1120.1399999999994,2016-12-27 06:30:00,1135.42,6.527,-418.52700000001636,291562.30999999953,3.0,18290.94500000053,0.05903099194488219,74.0
501,2016-12-19 23:15:00,sell,1.0,1137.46,1141.48,1125.4,2016-12-27 11:45:00,1141.48,52.216,-484.2159999999982,291078.0939999995,7.0,18775.161000000546,0.06059371879117598,74.0
502,2016-12-28 01:30:00,buy,1.0,1139.03,1136.5,1146.62,2016-12-28 18:30:00,1136.5,-0.0,-282.99999999999727,290795.0939999995,0.0,19058.161000000546,0.06150705436352619,75.0
503,2016-12-28 13:30:00,sell,1.0,1140.96,1143.77,1132.5300000000002,2016-12-29 04:00:00,1143.77,19.581,-330.58099999999456,290464.5129999995,0.0,19388.74200000055,0.06257394972339583,75.0
504,2016-12-27 18:45:00,sell,1.0,1139.79,1144.41,1125.9299999999996,2016-12-29 04:15:00,1144.41,26.108,-518.1080000000118,289946.4049999995,1.0,19906.85000000056,0.06424605737964752,75.0
505,2016-12-29 14:45:00,sell,1.0,1146.05,1149.58,1135.46,2016-12-29 19:45:00,1149.58,0.0,-382.99999999999727,289563.4049999995,0.0,20289.85000000056,0.06548212636978933,75.0
506,2016-12-15 23:45:00,buy,1.0,1131.54,1123.09,1156.89,2016-12-29 20:15:00,1156.89,-169.26,2674.260000000014,292237.6649999995,13.0,17615.59000000055,0.05685139567115584,75.0
507,2016-12-28 23:00:00,buy,1.0,1141.26,1137.42,1152.7799999999997,2016-12-29 20:15:00,1152.7799999999997,-36.269999999999996,1158.2699999999754,293395.9349999995,0.0,16457.32000000059,0.053113271312901285,75.0
508,2016-12-29 20:00:00,buy,1.0,1149.41,1144.91,1162.91,2016-12-30 05:00:00,1162.91,-12.09,1332.09,294728.0249999995,0.0,15125.230000000563,0.048814171727841166,75.0
509,2016-12-30 14:45:00,buy,1.0,1160.02,1158.05,1165.93,2016-12-30 15:30:00,1158.05,-0.0,-227.00000000000273,294501.0249999995,0.0,15352.230000000563,0.04954677658622809,75.0
510,2016-12-30 12:30:00,sell,1.0,1159.01,1161.31,1152.1100000000001,2016-12-30 21:30:00,1152.1100000000001,0.0,659.9999999999864,295161.0249999995,0.0,14692.230000000563,0.04741673602880357,75.0
511,2016-12-30 15:15:00,sell,1.0,1158.93,1161.31,1151.7900000000004,2016-12-30 21:30:00,1151.7900000000004,0.0,683.9999999999645,295845.02499999944,0.0,14008.230000000622,0.045209239451109266,75.0
512,2017-01-03 05:45:00,buy,1.0,1155.74,1149.87,1173.3500000000004,2017-01-03 13:30:00,1149.87,-0.0,-617.0000000000118,295228.02499999944,0.0,14625.230000000622,0.047200504638883395,78.0
513,2017-01-03 19:15:00,sell,1.0,1148.34,1153.77,1132.0499999999997,2017-01-03 19:45:00,1153.77,0.0,-573.0000000000064,294655.02499999944,0.0,15198.230000000622,0.04904976712282922,78.0
514,2017-01-03 12:00:00,sell,1.0,1153.01,1158.29,1137.17,2017-01-03 20:15:00,1158.29,0.0,-557.9999999999973,294097.02499999944,0.0,15756.230000000622,0.050850619594106305,78.0
515,2017-01-04 05:15:00,sell,1.0,1157.08,1161.81,1142.8899999999999,2017-01-04 10:00:00,1161.81,0.0,-503.0000000000018,293594.02499999944,0.0,16259.230000000622,0.05247396868559802,78.0
516,2017-01-04 06:15:00,buy,1.0,1158.31,1156.49,1163.7699999999998,2017-01-04 12:00:00,1163.7699999999998,-0.0,515.9999999999809,294110.02499999944,0.0,15743.230000000622,0.050808664249793405,78.0
517,2017-01-03 19:45:00,buy,1.0,1151.68,1146.55,1167.0700000000004,2017-01-04 13:15:00,1167.0700000000004,-12.09,1521.0900000000327,295631.11499999947,0.0,14222.140000000596,0.04589959850510718,78.0
518,2017-01-04 23:30:00,sell,1.0,1163.61,1166.31,1155.5099999999998,2017-01-05 04:00:00,1166.31,19.581,-319.58100000000456,295311.53399999946,0.0,14541.721000000602,0.04693099318901975,78.0
519,2017-01-03 19:00:00,buy,1.0,1153.77,1146.55,1175.43,2017-01-05 09:15:00,1175.43,-48.36,2184.3600000000083,297495.89399999945,1.0,12357.361000000616,0.039881333504147354,78.0
520,2017-01-05 14:15:00,sell,1.0,1173.25,1178.43,1157.7099999999998,2017-01-05 18:30:00,1178.43,0.0,-548.0000000000064,296947.89399999945,0.0,12905.361000000616,0.04164991263364528,78.0
521,2017-01-05 04:15:00,buy,1.0,1167.32,1161.57,1184.57,2017-01-05 20:30:00,1184.57,-0.0,1695.0,298642.89399999945,0.0,11210.361000000616,0.03617958120207778,78.0
522,2017-01-06 05:00:00,sell,1.0,1178.55,1181.91,1168.4699999999996,2017-01-06 17:30:00,1181.91,0.0,-366.00000000001273,298276.89399999945,0.0,11576.361000000616,0.03736078551119501,78.0
523,2017-01-06 16:45:00,sell,1.0,1175.99,1179.05,1166.8100000000002,2017-01-06 17:30:00,1179.05,0.0,-335.99999999999454,297940.89399999945,0.0,11912.361000000616,0.03844516979497476,78.0
524,2017-01-06 14:15:00,buy,1.0,1178.49,1173.88,1192.3199999999997,2017-01-06 17:45:00,1173.88,-0.0,-490.99999999999,297449.89399999945,0.0,12403.361000000616,0.04002979087633148,78.0
525,2017-01-06 17:30:00,buy,1.0,1178.49,1173.89,1192.2899999999997,2017-01-06 17:45:00,1173.89,-0.0,-489.9999999999909,296959.89399999945,0.0,12893.361000000616,0.04161118462351029,78.0
526,2017-01-06 17:45:00,sell,1.0,1175.85,1179.05,1166.2499999999998,2017-01-06 18:45:00,1179.05,0.0,-350.00000000000455,296609.89399999945,0.0,13243.361000000616,0.04274075158578087,78.0
527,2017-01-05 17:45:00,buy,1.0,1176.58,1171.22,1192.6599999999996,2017-01-06 20:30:00,1171.22,-12.09,-553.90999999999,296055.9839999995,1.0,13797.27100000059,0.044528404260270195,78.0
528,2017-01-09 10:15:00,sell,1.0,1173.38,1175.93,1165.7300000000002,2017-01-09 12:15:00,1175.93,0.0,-284.99999999999545,295770.9839999995,0.0,14082.27100000059,0.04544819450097624,80.0
529,2017-01-09 05:00:00,buy,1.0,1174.11,1170.99,1183.4699999999996,2017-01-09 20:30:00,1183.4699999999996,-0.0,905.9999999999673,296676.9839999994,0.0,13176.271000000648,0.04252422973578459,80.0
530,2017-01-10 05:30:00,buy,1.0,1182.39,1181.01,1186.5300000000004,2017-01-10 05:45:00,1181.01,-0.0,-168.0000000000109,296508.9839999994,0.0,13344.271000000648,0.04306642187767447,80.0
531,2017-01-10 05:15:00,sell,1.0,1181.78,1184.56,1173.44,2017-01-10 06:45:00,1184.56,0.0,-307.99999999999727,296200.9839999994,0.0,13652.271000000648,0.04406044080447257,80.0
532,2017-01-10 06:00:00,sell,1.0,1181.01,1184.42,1170.7799999999997,2017-01-10 06:45:00,1184.42,0.0,-371.0000000000082,295829.9839999994,0.0,14023.271000000648,0.04525778178447938,80.0
533,2017-01-10 16:30:00,buy,1.0,1184.97,1183.07,1190.6700000000003,2017-01-10 16:30:00,1183.07,-0.0,-220.0000000000091,295609.9839999994,0.0,14243.271000000648,0.045967795303620884,80.0
534,2017-01-10 13:30:00,sell,1.0,1183.07,1187.41,1170.0499999999995,2017-01-10 18:30:00,1187.41,0.0,-464.00000000001455,295145.9839999994,0.0,14707.271000000648,0.04746527836217388,80.0
535,2017-01-10 16:45:00,sell,1.0,1183.26,1187.18,1171.4999999999998,2017-01-10 18:30:00,1187.18,0.0,-422.0000000000073,294723.9839999994,0.0,15129.271000000648,0.0488272133852544,80.0
536,2017-01-09 12:30:00,buy,1.0,1177.42,1173.17,1190.17,2017-01-10 18:45:00,1190.17,-12.09,1257.09,295981.07399999944,1.0,13872.181000000623,0.044770163863537986,80.0
537,2017-01-10 22:15:00,sell,1.0,1183.16,1189.04,1165.5200000000004,2017-01-11 05:45:00,1189.04,6.527,-624.5269999999882,295356.54699999944,0.0,14496.708000000624,0.04678572119566929,80.0
538,2017-01-11 15:15:00,buy,1.0,1188.59,1187.18,1192.8199999999995,2017-01-11 17:30:00,1187.18,-0.0,-170.99999999998545,295185.54699999944,0.0,14667.708000000624,0.047337595340092915,80.0
539,2017-01-10 07:00:00,buy,1.0,1184.15,1180.29,1195.7300000000005,2017-01-11 18:45:00,1180.29,-12.09,-403.91000000001276,294781.6369999994,1.0,15071.618000000657,0.048641147887895045,80.0
540,2017-01-10 18:45:00,buy,1.0,1188.97,1181.91,1210.1499999999999,2017-01-11 18:45:00,1181.91,-12.09,-723.9099999999945,294057.72699999943,1.0,15795.528000000631,0.05097744737263008,80.0
541,2017-01-10 22:45:00,buy,1.0,1187.44,1181.91,1204.03,2017-01-11 18:45:00,1181.91,-12.09,-570.9099999999972,293486.81699999946,0.0,16366.438000000606,0.05281996472814398,80.0
542,2017-01-11 15:00:00,sell,1.0,1188.27,1190.37,1181.9700000000003,2017-01-11 18:45:00,1181.9700000000003,0.0,599.9999999999727,294086.81699999946,0.0,15766.438000000606,0.05088356422139442,80.0
543,2017-01-11 17:30:00,sell,1.0,1187.84,1190.37,1180.25,2017-01-11 18:45:00,1180.25,0.0,728.9999999999918,294815.81699999946,0.0,15037.438000000606,0.04853083760569371,80.0
544,2017-01-13 11:00:00,buy,1.0,1195.56,1191.89,1206.5699999999995,2017-01-13 18:15:00,1191.89,-0.0,-396.99999999998454,294418.81699999946,0.0,15434.438000000606,0.049812089274326336,81.0
545,2017-01-12 20:45:00,sell,1.0,1201.16,1205.3,1188.7400000000005,2017-01-13 18:45:00,1188.7400000000005,6.527,1205.4729999999618,295624.2899999994,0.0,14228.965000000666,0.045921625060871676,81.0
546,2017-01-13 18:30:00,sell,1.0,1192.6,1199.48,1171.9599999999996,2017-01-16 03:00:00,1199.48,6.527,-724.527000000011,294899.7629999994,2.0,14953.492000000668,0.04825991581079458,83.0
547,2017-01-16 18:15:00,sell,1.0,1201.97,1204.08,1195.6400000000003,2017-01-16 19:15:00,1204.08,0.0,-240.99999999999,294658.7629999994,0.0,15194.492000000668,0.049037703347672316,83.0
548,2017-01-16 20:30:00,sell,1.0,1202.96,1204.08,1199.6000000000004,2017-01-17 04:00:00,1204.08,6.527,-148.52699999998907,294510.2359999994,0.0,15343.01900000067,0.049517049611115645,83.0
549,2017-01-16 13:45:00,sell,1.0,1202.08,1206.91,1187.5899999999995,2017-01-17 08:00:00,1206.91,6.527,-519.5270000000155,293990.7089999994,0.0,15862.546000000671,0.051193736854565776,83.0
550,2017-01-16 18:45:00,buy,1.0,1203.69,1201.23,1211.0700000000002,2017-01-17 09:45:00,1211.0700000000002,-12.09,720.090000000011,294710.7989999994,0.0,15142.456000000646,0.04886976578639021,83.0
551,2017-01-17 04:15:00,buy,1.0,1204.28,1201.96,1211.2399999999998,2017-01-17 09:45:00,1211.2399999999998,-0.0,665.9999999999809,295376.7989999994,0.0,14476.456000000646,0.04672036122389821,83.0
552,2017-01-16 16:00:00,buy,1.0,1204.07,1201.23,1212.5899999999997,2017-01-17 10:00:00,1212.5899999999997,-12.09,834.0899999999755,296210.8889999994,0.0,13642.366000000678,0.044028474059440416,83.0
553,2017-01-13 22:00:00,buy,1.0,1196.41,1189.38,1217.5,2017-01-17 13:30:00,1217.5,-24.18,2103.1799999999917,298314.0689999994,3.0,11539.186000000685,0.03724080936313121,83.0
554,2017-01-18 08:00:00,buy,1.0,1215.19,1213.57,1220.0500000000004,2017-01-18 09:15:00,1213.57,-0.0,-192.00000000001182,298122.0689999994,0.0,11731.186000000685,0.03786045752529107,83.0
555,2017-01-17 23:15:00,buy,1.0,1215.23,1211.93,1225.1299999999999,2017-01-18 09:30:00,1211.93,-12.09,-347.9099999999955,297774.1589999994,0.0,12079.09600000066,0.03898327935912972,83.0
556,2017-01-18 18:30:00,buy,1.0,1214.44,1211.91,1222.03,2017-01-18 22:00:00,1211.91,-0.0,-282.99999999999727,297491.1589999994,0.0,12362.09600000066,0.039896614931479925,83.0
557,2017-01-18 06:00:00,sell,1.0,1214.44,1216.97,1206.8500000000001,2017-01-19 00:00:00,1206.8500000000001,19.581,709.4189999999918,298200.5779999994,0.0,11652.677000000665,0.037607082746317,83.0
558,2017-01-18 08:30:00,sell,1.0,1214.35,1216.97,1206.4899999999996,2017-01-19 00:00:00,1206.4899999999996,19.581,736.4190000000355,298936.99699999945,0.0,10916.258000000613,0.035230412538350166,83.0
559,2017-01-17 21:30:00,sell,1.0,1212.87,1217.5,1198.9799999999996,2017-01-19 05:45:00,1198.9799999999996,26.108,1332.8920000000328,300269.8889999995,1.0,9583.366000000562,0.03092872463127928,83.0
560,2017-01-18 22:15:00,sell,1.0,1211.99,1216.41,1198.7299999999998,2017-01-19 05:45:00,1198.7299999999998,19.581,1276.419000000022,301546.3079999995,0.0,8306.947000000568,0.026809293967238027,83.0
561,2017-01-19 13:45:00,buy,1.0,1204.59,1199.45,1220.0099999999995,2017-01-19 18:00:00,1199.45,-0.0,-543.9999999999873,301002.3079999995,0.0,8850.947000000568,0.028564963760024292,83.0
562,2017-01-19 18:15:00,sell,1.0,1199.19,1205.06,1181.5800000000004,2017-01-19 23:45:00,1205.06,0.0,-616.9999999999891,300385.3079999995,0.0,9467.947000000568,0.03055622894779842,83.0
563,2017-01-20 12:30:00,sell,1.0,1204.35,1208.56,1191.7199999999998,2017-01-20 23:15:00,1208.56,0.0,-451.00000000000364,299934.3079999995,0.0,9918.947000000568,0.0320117566620385,83.0
564,2017-01-20 19:45:00,buy,1.0,1203.88,1199.23,1217.8300000000004,2017-01-23 06:00:00,1217.8300000000004,-12.09,1377.0900000000272,301311.3979999995,2.0,8541.857000000542,0.027567427038972175,85.0
565,2017-01-23 17:45:00,buy,1.0,1214.76,1210.51,1227.51,2017-01-23 18:30:00,1210.51,-0.0,-455.0,300856.3979999995,0.0,8996.857000000542,0.029035864089923924,85.0
566,2017-01-23 18:15:00,sell,1.0,1211.85,1214.81,1202.9699999999998,2017-01-23 19:15:00,1214.81,0.0,-326.00000000000364,300530.3979999995,0.0,9322.857000000542,0.030087975031924515,85.0
567,2017-01-23 12:30:00,sell,1.0,1213.01,1218.19,1197.4699999999998,2017-01-23 20:45:00,1218.19,0.0,-548.0000000000064,299982.3979999995,0.0,9870.857000000542,0.03185655416142245,85.0
568,2017-01-24 18:45:00,buy,1.0,1215.93,1212.06,1227.5400000000004,2017-01-24 20:15:00,1212.06,-0.0,-417.0000000000118,299565.3979999995,0.0,10287.857000000542,0.033202352513613385,85.0
569,2017-01-23 19:45:00,buy,1.0,1215.64,1210.29,1231.6900000000005,2017-01-24 22:30:00,1210.29,-12.09,-552.9100000000136,299012.4879999995,1.0,10840.767000000575,0.03498677785392499,85.0
570,2017-01-24 09:00:00,sell,1.0,1215.65,1219.39,1204.43,2017-01-25 09:30:00,1204.43,6.527,1085.4730000000027,300097.9609999995,1.0,9755.294000000576,0.03148359374182006,85.0
571,2017-01-25 16:30:00,buy,1.0,1206.82,1201.23,1223.5899999999997,2017-01-25 18:00:00,1201.23,-0.0,-588.9999999999918,299508.9609999995,0.0,10344.294000000576,0.03338449357261254,85.0
572,2017-01-19 23:30:00,buy,1.0,1202.45,1196.36,1220.7200000000005,2017-01-25 18:15:00,1196.36,-48.36,-590.6400000000145,298918.3209999995,5.0,10934.93400000059,0.03529068623145685,85.0
573,2017-01-24 20:30:00,sell,1.0,1212.41,1216.74,1199.4200000000003,2017-01-25 18:15:00,1199.4200000000003,6.527,1262.4729999999781,300180.79399999947,0.0,9672.461000000592,0.0312162639698608,85.0
574,2017-01-26 01:30:00,buy,1.0,1200.46,1196.38,1212.6999999999998,2017-01-26 10:15:00,1196.38,-0.0,-437.9999999999927,299742.79399999947,0.0,10110.461000000592,0.03262983633978798,85.0
575,2017-01-25 17:45:00,sell,1.0,1203.05,1206.82,1191.74,2017-01-26 13:45:00,1191.74,19.581,1081.4189999999946,300824.21299999946,0.0,9029.042000000598,0.02913973584044033,85.0
576,2017-01-26 06:45:00,sell,1.0,1198.6,1202.23,1187.7099999999996,2017-01-26 16:45:00,1187.7099999999996,0.0,1059.0000000000327,301883.2129999995,0.0,7970.04200000054,0.02572198894602717,85.0
577,2017-01-27 00:45:00,buy,1.0,1189.93,1185.61,1202.8900000000006,2017-01-27 05:00:00,1185.61,-0.0,-462.00000000001637,301421.2129999995,0.0,8432.04200000054,0.02721301733622433,85.0
578,2017-01-27 01:15:00,sell,1.0,1188.17,1190.27,1181.8700000000003,2017-01-27 10:45:00,1181.8700000000003,0.0,599.9999999999727,302021.2129999995,0.0,7832.04200000054,0.025276616829474772,85.0
579,2017-01-27 15:30:00,buy,1.0,1185.22,1181.8,1195.4800000000002,2017-01-27 16:45:00,1181.8,-0.0,-372.0000000000073,301649.2129999995,0.0,8204.04200000054,0.026477185143659498,85.0
580,2017-01-27 17:00:00,sell,1.0,1182.27,1185.74,1171.86,2017-01-27 17:30:00,1185.74,0.0,-377.00000000000273,301272.2129999995,0.0,8581.04200000054,0.027693890128733804,85.0
581,2017-01-30 10:45:00,sell,1.0,1192.42,1195.51,1183.1500000000003,2017-01-30 19:00:00,1195.51,0.0,-338.9999999999918,300933.2129999995,0.0,8920.04200000054,0.028787956415047302,88.0
582,2017-01-27 18:15:00,buy,1.0,1187.14,1181.8,1203.1600000000005,2017-01-31 15:45:00,1203.1600000000005,-24.18,1596.1800000000437,302529.3929999996,3.0,7323.8620000004885,0.02363655014694129,88.0
583,2017-01-31 13:00:00,sell,1.0,1196.49,1202.49,1178.49,2017-01-31 15:45:00,1202.49,0.0,-630.0,301899.3929999996,0.0,7953.8620000004885,0.025669770679028325,88.0
584,2017-01-30 17:45:00,buy,1.0,1192.63,1188.47,1205.1100000000004,2017-01-31 16:15:00,1205.1100000000004,-12.09,1230.0900000000245,303129.4829999996,0.0,6723.772000000463,0.021699859180115636,88.0
585,2017-02-01 13:00:00,buy,1.0,1211.62,1207.15,1225.0299999999993,2017-02-01 17:15:00,1207.15,-0.0,-476.99999999998,302652.4829999996,0.0,7200.772000000463,0.023239297582981537,89.0
586,2017-02-01 06:00:00,sell,1.0,1209.57,1213.03,1199.1899999999998,2017-02-01 19:00:00,1199.1899999999998,0.0,1008.0000000000109,303660.4829999996,0.0,6192.772000000463,0.01998614473164228,89.0
587,2017-02-01 17:30:00,sell,1.0,1206.1,1211.73,1189.2099999999996,2017-02-02 04:15:00,1211.73,19.581,-612.5810000000109,303047.9019999996,0.0,6805.3530000004685,0.021963148329684216,89.0
588,2017-02-02 20:15:00,sell,1.0,1216.6,1224.4,1193.1999999999994,2017-02-06 03:00:00,1224.4,13.054,-823.0540000000182,302224.8479999996,3.0,7628.407000000472,0.024619418634154643,92.0
589,2017-02-06 14:30:00,sell,1.0,1221.96,1224.36,1214.7600000000004,2017-02-06 15:15:00,1224.36,0.0,-269.99999999998636,301954.8479999996,0.0,7898.407000000472,0.025490798862191945,92.0
590,2017-01-31 16:00:00,buy,1.0,1204.07,1196.48,1226.8399999999997,2017-02-06 16:00:00,1226.8399999999997,-72.53999999999999,2319.5399999999754,304274.38799999957,6.0,5578.867000000493,0.0180048681431489,92.0
591,2017-02-03 18:15:00,buy,1.0,1216.67,1210.45,1235.3300000000002,2017-02-07 00:45:00,1235.3300000000002,-24.18,1860.1800000000082,306134.56799999956,3.0,3718.6870000005,0.012001445652073268,92.0
592,2017-02-07 08:30:00,buy,1.0,1233.15,1231.91,1236.8700000000001,2017-02-07 11:30:00,1231.91,-0.0,-154.0000000000009,305980.56799999956,0.0,3872.6870000005,0.01249845511547232,92.0
593,2017-02-07 12:00:00,sell,1.0,1230.63,1234.17,1220.0100000000002,2017-02-07 19:45:00,1234.17,0.0,-383.99999999999636,305596.56799999956,0.0,4256.6870000005,0.013737751439792037,92.0
594,2017-02-07 07:45:00,sell,1.0,1232.01,1235.45,1221.6899999999998,2017-02-07 21:45:00,1235.45,0.0,-374.00000000000546,305222.56799999956,0.0,4630.6870000005,0.014944774422332595,92.0
595,2017-02-08 06:00:00,buy,1.0,1233.85,1230.72,1243.2399999999996,2017-02-08 11:00:00,1230.72,-0.0,-342.9999999999882,304879.56799999956,0.0,4973.6870000005,0.01605175004535776,92.0
596,2017-02-06 15:30:00,buy,1.0,1225.4,1221.96,1235.7200000000003,2017-02-08 12:45:00,1235.7200000000003,-24.18,1026.1800000000164,305905.74799999956,1.0,3947.507000000507,0.012739924258664014,92.0
597,2017-02-08 04:00:00,sell,1.0,1232.01,1235.4,1221.8399999999997,2017-02-08 12:45:00,1235.4,0.0,-369.00000000001,305536.74799999956,0.0,4316.507000000507,0.013930810570314991,92.0
598,2017-02-08 09:45:00,sell,1.0,1233.13,1234.67,1228.5100000000002,2017-02-08 12:45:00,1234.67,0.0,-183.99999999999636,305352.74799999956,0.0,4500.507000000507,0.014524640059051522,92.0
599,2017-01-11 22:15:00,buy,1.0,1194.17,1177.87,1243.0700000000006,2017-02-08 18:45:00,1243.0700000000006,-338.52,5198.520000000055,310551.26799999963,27.0,-698.0129999995697,-0.002252721211528243,0.0
600,2017-02-01 23:45:00,buy,1.0,1210.5,1199.41,1243.7699999999998,2017-02-08 18:45:00,1243.7699999999998,-84.63,3381.6299999999756,313932.8979999996,6.0,-3381.6299999999464,-0.010889119924636568,0.0
601,2017-02-09 07:15:00,buy,1.0,1241.22,1239.34,1246.8600000000004,2017-02-09 10:45:00,1239.34,-0.0,-218.0000000000109,313714.8979999996,0.0,218.0,0.000694415913046489,0.0
602,2017-02-09 11:15:00,sell,1.0,1239.55,1241.84,1232.68,2017-02-09 12:00:00,1241.84,0.0,-258.99999999999636,313455.8979999996,0.0,477.0,0.0015194329840512626,0.0
603,2017-02-09 05:00:00,sell,1.0,1239.66,1242.51,1231.1100000000004,2017-02-09 12:30:00,1242.51,0.0,-314.9999999999909,313140.8979999996,0.0,792.0,0.0025228321244624738,0.0
604,2017-02-09 12:30:00,buy,1.0,1241.33,1239.27,1247.5099999999998,2017-02-09 15:15:00,1239.27,-0.0,-235.99999999999454,312904.8979999996,0.0,1028.0,0.003274585131246746,0.0
605,2017-02-09 15:45:00,sell,1.0,1236.76,1243.12,1217.6800000000003,2017-02-09 18:30:00,1243.12,0.0,-665.99999999999,312238.8979999996,0.0,1694.0,0.005396057599544735,0.0
606,2017-02-09 18:45:00,buy,1.0,1242.67,1236.76,1260.4000000000003,2017-02-09 19:00:00,1236.76,-0.0,-621.0000000000082,311617.8979999996,0.0,2315.0,0.007374187333498266,0.0
607,2017-02-08 13:00:00,buy,1.0,1236.97,1230.76,1255.6000000000001,2017-02-09 20:45:00,1230.76,-36.269999999999996,-614.7300000000037,311003.1679999996,1.0,2929.7299999999814,0.00933234464646641,0.0
608,2017-02-07 19:30:00,buy,1.0,1232.66,1227.96,1246.7600000000002,2017-02-10 01:45:00,1227.96,-60.45,-439.55000000000456,310563.6179999996,2.0,3369.2799999999697,0.01073248462160208,0.0
609,2017-02-09 19:00:00,sell,1.0,1237.99,1243.12,1222.6000000000004,2017-02-10 05:00:00,1222.6000000000004,6.527,1502.4729999999645,312066.09099999955,0.0,1866.8070000000298,0.005946515997186228,0.0
610,2017-02-13 11:15:00,buy,1.0,1230.98,1228.93,1237.1299999999999,2017-02-13 13:45:00,1228.93,-0.0,-234.99999999999545,311831.09099999955,0.0,2101.80700000003,0.006695083609873957,3.0
611,2017-02-13 13:30:00,sell,1.0,1229.42,1231.69,1222.6100000000001,2017-02-13 18:30:00,1222.6100000000001,0.0,650.9999999999945,312482.09099999955,0.0,1450.8070000000298,0.00462139205302412,3.0
612,2017-02-10 14:45:00,buy,1.0,1226.02,1221.86,1238.5000000000002,2017-02-13 18:45:00,1221.86,-12.09,-433.9100000000082,312048.1809999995,3.0,1884.7170000000624,0.006003566405455426,3.0
613,2017-02-14 06:15:00,sell,1.0,1225.09,1227.19,1218.7899999999995,2017-02-14 08:00:00,1227.19,0.0,-240.00000000001364,311808.1809999995,0.0,2124.7170000000624,0.006768060988625872,3.0
614,2017-02-14 07:15:00,buy,1.0,1226.31,1225.09,1229.97,2017-02-14 09:45:00,1229.97,-0.0,336.0000000000082,312144.1809999995,0.0,1788.7170000000624,0.005697768572187248,3.0
615,2017-02-15 16:15:00,buy,1.0,1226.55,1224.3,1233.3,2017-02-15 17:15:00,1224.3,-0.0,-255.0,311889.1809999995,0.0,2043.7170000000624,0.006510044066805847,4.0
616,2017-02-14 00:00:00,buy,1.0,1225.94,1219.76,1244.4800000000002,2017-02-15 17:30:00,1219.76,-12.09,-635.9100000000063,311253.2709999995,1.0,2679.627000000095,0.008535668026738946,4.0
617,2017-02-15 00:15:00,buy,1.0,1229.57,1222.23,1251.5899999999997,2017-02-15 17:30:00,1222.23,-0.0,-763.9999999999918,310489.2709999995,0.0,3443.627000000095,0.0109693091164982,4.0
618,2017-02-15 17:30:00,sell,1.0,1223.97,1226.65,1215.9299999999998,2017-02-15 19:00:00,1226.65,0.0,-298.00000000000637,310191.2709999995,0.0,3741.627000000095,0.011918556557268171,4.0
619,2017-02-15 04:45:00,sell,1.0,1225.44,1229.68,1212.72,2017-02-15 20:30:00,1229.68,0.0,-454.0000000000009,309737.2709999995,0.0,4195.627000000095,0.013364725477098932,4.0
620,2017-02-13 04:15:00,sell,1.0,1229.12,1234.97,1211.5699999999995,2017-02-16 04:15:00,1234.97,32.635,-647.6350000000136,309089.6359999995,3.0,4843.262000000104,0.015427698182813929,4.0
621,2017-02-14 19:45:00,sell,1.0,1222.23,1234.05,1186.7700000000002,2017-02-16 04:15:00,1234.05,26.108,-1238.1079999999936,307851.52799999947,1.0,6081.370000000112,0.019371560096897267,4.0
622,2017-02-16 11:00:00,sell,1.0,1232.73,1236.31,1221.9900000000002,2017-02-16 12:00:00,1236.31,0.0,-387.9999999999927,307463.52799999947,0.0,6469.370000000112,0.020607493006356156,4.0
623,2017-02-17 03:30:00,sell,1.0,1238.38,1241.2,1229.9200000000003,2017-02-17 13:30:00,1241.2,0.0,-311.99999999999363,307151.52799999947,0.0,6781.370000000112,0.021601335964477737,5.0
624,2017-02-17 13:30:00,buy,1.0,1240.43,1236.88,1251.08,2017-02-17 23:30:00,1236.88,-0.0,-384.99999999999545,306766.52799999947,0.0,7166.370000000112,0.022827712691646993,5.0
625,2017-02-20 12:30:00,buy,1.0,1235.74,1233.05,1243.8100000000002,2017-02-21 07:00:00,1233.05,-12.09,-286.9100000000055,306479.61799999943,0.0,7453.280000000144,0.0237416341118864,8.0
626,2017-02-16 12:15:00,buy,1.0,1236.22,1232.6,1247.0800000000004,2017-02-21 07:15:00,1232.6,-36.269999999999996,-355.73000000001184,306123.8879999994,4.0,7809.010000000184,0.02487477435384996,8.0
627,2017-02-17 20:00:00,sell,1.0,1239.21,1243.14,1227.4199999999998,2017-02-21 17:45:00,1227.4199999999998,13.054,1135.946000000019,307259.8339999994,3.0,6673.064000000188,0.021256338671457736,8.0
628,2017-02-21 04:30:00,sell,1.0,1235.04,1238.69,1224.0899999999997,2017-02-21 21:30:00,1238.69,0.0,-395.0000000000091,306864.8339999994,0.0,7068.064000000188,0.02251456933959243,8.0
629,2017-02-22 08:15:00,sell,1.0,1235.0,1237.29,1228.13,2017-02-22 13:15:00,1237.29,0.0,-258.99999999999636,306605.8339999994,0.0,7327.064000000188,0.0233395864105972,8.0
630,2017-02-22 13:15:00,buy,1.0,1236.54,1233.62,1245.3000000000002,2017-02-22 19:30:00,1233.62,-0.0,-322.0000000000073,306283.8339999994,0.0,7649.064000000188,0.024365283309684217,8.0
631,2017-02-23 10:30:00,sell,1.0,1236.2,1237.65,1231.85,2017-02-23 12:45:00,1237.65,0.0,-175.00000000000455,306108.8339999994,0.0,7824.064000000188,0.024922727276579335,8.0
632,2017-02-22 19:45:00,sell,1.0,1234.19,1239.67,1217.75,2017-02-23 16:15:00,1239.67,19.581,-597.5810000000018,305511.2529999994,0.0,8421.645000000193,0.02682625826618593,8.0
633,2017-02-23 13:00:00,buy,1.0,1237.77,1235.85,1243.5300000000002,2017-02-23 16:45:00,1243.5300000000002,-0.0,546.0000000000218,306057.2529999994,0.0,7875.645000000193,0.025087033089473163,8.0
634,2017-02-23 00:00:00,buy,1.0,1237.41,1232.37,1252.5300000000007,2017-02-24 10:15:00,1252.5300000000007,-12.09,1494.0900000000572,307551.34299999947,1.0,6381.555000000109,0.02032776762376818,8.0
635,2017-02-15 20:15:00,buy,1.0,1227.24,1218.08,1254.7200000000003,2017-02-24 12:15:00,1254.7200000000003,-132.99,2850.9900000000243,310402.3329999995,8.0,3530.5650000000605,0.011246240908463392,8.0
636,2017-02-21 19:45:00,buy,1.0,1234.23,1226.9,1256.2199999999998,2017-02-24 13:30:00,1256.2199999999998,-60.45,2229.449999999978,312631.7829999995,2.0,1301.115000000107,0.004144564039924573,8.0
637,2017-02-27 03:30:00,sell,1.0,1256.24,1258.28,1250.1200000000001,2017-02-27 05:30:00,1258.28,0.0,-233.99999999999636,312397.7829999995,0.0,1535.115000000107,0.004889946258515758,10.0
638,2017-02-27 05:45:00,buy,1.0,1258.17,1255.76,1265.4000000000003,2017-02-27 11:30:00,1255.76,-0.0,-271.0000000000082,312126.7829999995,0.0,1806.115000000107,0.005753188058679054,10.0
639,2017-02-27 10:00:00,buy,1.0,1257.62,1255.81,1263.0499999999997,2017-02-27 11:30:00,1255.81,-0.0,-210.99999999999454,311915.7829999995,0.0,2017.115000000107,0.006425306213049739,10.0
640,2017-02-27 07:15:00,sell,1.0,1256.29,1258.19,1250.5899999999997,2017-02-27 18:30:00,1258.19,0.0,-220.0000000000091,311695.7829999995,0.0,2237.115000000107,0.007126092914289314,10.0
641,2017-02-27 11:45:00,sell,1.0,1255.85,1258.17,1248.8899999999994,2017-02-27 18:30:00,1258.17,0.0,-262.00000000001637,311433.7829999995,0.0,2499.115000000107,0.00796066616758372,10.0
642,2017-02-27 18:30:00,buy,1.0,1256.81,1254.19,1264.6699999999996,2017-02-28 00:00:00,1254.19,-12.09,-279.9099999999891,311153.8729999995,0.0,2779.0250000000815,0.008852289829147136,10.0
643,2017-02-28 10:30:00,buy,1.0,1254.38,1252.03,1261.4300000000005,2017-02-28 12:00:00,1252.03,-0.0,-265.00000000001364,310888.8729999995,0.0,3044.0250000000815,0.00969641926473117,10.0
644,2017-02-28 11:45:00,sell,1.0,1252.84,1254.38,1248.2199999999993,2017-02-28 15:00:00,1254.38,0.0,-184.0000000000191,310704.8729999995,0.0,3228.0250000000815,0.010282531778495179,10.0
645,2017-02-28 16:30:00,buy,1.0,1254.02,1250.72,1263.9199999999998,2017-02-28 22:30:00,1250.72,-0.0,-359.99999999999545,310344.8729999995,0.0,3588.0250000000815,0.01142927365325085,10.0
646,2017-03-01 13:15:00,buy,1.0,1245.4,1242.66,1253.6200000000001,2017-03-01 16:00:00,1242.66,-0.0,-304.0000000000009,310040.8729999995,0.0,3892.0250000000815,0.012397633458600081,10.0
647,2017-03-01 14:45:00,buy,1.0,1245.12,1242.66,1252.4999999999993,2017-03-01 16:00:00,1242.66,-0.0,-275.9999999999809,309764.8729999995,0.0,4168.0250000000815,0.013276802229246095,10.0
648,2017-03-01 13:45:00,sell,1.0,1244.47,1246.99,1236.91,2017-03-01 18:00:00,1236.91,0.0,725.9999999999945,310490.8729999995,0.0,3442.0250000000815,0.010964206115155495,10.0
649,2017-03-01 15:30:00,sell,1.0,1244.19,1246.99,1235.7900000000002,2017-03-01 21:45:00,1246.99,0.0,-309.99999999999545,310180.8729999995,0.0,3752.0250000000815,0.011951678285083988,10.0
650,2017-03-01 20:45:00,buy,1.0,1245.27,1237.8,1267.68,2017-03-02 17:30:00,1237.8,-36.269999999999996,-740.7300000000027,309440.1429999995,0.0,4492.755000000063,0.014311195254216615,10.0
651,2017-03-02 06:00:00,sell,1.0,1246.02,1249.73,1234.8899999999999,2017-03-02 20:45:00,1234.8899999999999,0.0,1083.000000000011,310523.1429999995,0.0,3409.755000000063,0.010861413447659975,10.0
652,2017-02-27 23:30:00,sell,1.0,1255.14,1262.91,1231.8300000000002,2017-03-02 21:00:00,1231.8300000000002,32.635,2268.3649999999943,312791.5079999995,2.0,1141.3900000000722,0.0036357769678540468,10.0
653,2017-02-28 22:45:00,sell,1.0,1250.64,1258.05,1228.4100000000005,2017-03-03 11:30:00,1228.4100000000005,32.635,2160.364999999956,314951.87299999944,2.0,-1018.9749999998603,-0.0032458369495249957,0.0
654,2017-03-06 13:15:00,buy,1.0,1234.4,1231.42,1243.3400000000001,2017-03-06 14:15:00,1231.42,-0.0,-328.0000000000018,314623.87299999944,0.0,328.0,0.0010414289550835616,3.0
655,2017-03-06 10:30:00,sell,1.0,1232.78,1235.3,1225.22,2017-03-06 22:15:00,1225.22,0.0,725.9999999999945,315349.87299999944,0.0,-398.0,-0.0012636851345221266,0.0
656,2017-03-03 23:15:00,buy,1.0,1231.87,1223.73,1256.2899999999995,2017-03-07 13:00:00,1223.73,-24.18,-819.8199999999873,314530.05299999943,3.0,819.820000000007,0.0025997156497983066,0.0
657,2017-03-06 14:15:00,sell,1.0,1231.73,1234.48,1223.48,2017-03-07 13:15:00,1223.48,6.527,788.473,315318.52599999943,0.0,31.347000000008848,9.940387703916691e-05,0.0
658,2017-03-08 05:45:00,buy,1.0,1217.82,1214.35,1228.23,2017-03-08 11:45:00,1214.35,-0.0,-377.00000000000273,314941.52599999943,0.0,408.34700000000885,0.0012949014252496927,0.0
659,2017-03-08 11:15:00,sell,1.0,1215.91,1218.03,1209.5500000000004,2017-03-08 17:15:00,1209.5500000000004,0.0,605.9999999999673,315547.5259999994,0.0,-197.65299999993294,-0.0006267736787702251,0.0
660,2017-03-09 16:45:00,buy,1.0,1207.51,1204.0,1218.04,2017-03-09 19:15:00,1204.0,-0.0,-380.9999999999991,315166.5259999994,0.0,381.0,0.0012074250900639314,1.0
661,2017-03-10 17:30:00,buy,1.0,1198.2,1195.15,1207.35,2017-03-13 09:00:00,1207.35,-12.09,897.0899999999864,316063.61599999934,2.0,-516.0899999999674,-0.0016355380964069685,0.0
662,2017-03-09 20:00:00,sell,1.0,1203.74,1207.77,1191.65,2017-03-13 09:15:00,1207.77,13.054,-446.05399999999725,315617.56199999934,3.0,446.0540000000037,0.0014112791774172598,0.0
663,2017-03-14 06:45:00,buy,1.0,1204.25,1201.84,1211.4800000000002,2017-03-14 10:15:00,1201.84,-0.0,-271.0000000000082,315346.56199999934,0.0,717.0540000000037,0.0022687015009029234,1.0
664,2017-03-14 08:45:00,sell,1.0,1202.74,1204.48,1197.52,2017-03-14 15:15:00,1204.48,0.0,-204.0000000000009,315142.56199999934,0.0,921.0540000000037,0.0029141411835268177,1.0
665,2017-03-14 13:45:00,buy,1.0,1203.48,1200.85,1211.3700000000003,2017-03-14 22:45:00,1200.85,-0.0,-293.0000000000109,314849.56199999934,0.0,1214.0540000000037,0.0038411697472954505,1.0
666,2017-03-15 07:00:00,buy,1.0,1201.14,1198.12,1210.2000000000007,2017-03-15 18:00:00,1198.12,-0.0,-332.0000000000209,314517.56199999934,0.0,1546.0540000000037,0.00489159119156571,1.0
667,2017-03-13 15:45:00,sell,1.0,1204.86,1211.03,1186.3499999999997,2017-03-15 22:00:00,1211.03,13.054,-660.0540000000072,313857.50799999933,2.0,2206.1080000000075,0.006979949251735487,1.0
668,2017-03-14 22:00:00,sell,1.0,1203.09,1206.82,1191.8999999999999,2017-03-15 22:00:00,1206.82,6.527,-409.5270000000018,313447.98099999933,1.0,2615.6350000000093,0.008275659922842921,1.0
669,2017-03-15 14:45:00,sell,1.0,1201.79,1204.75,1192.9099999999999,2017-03-15 22:00:00,1204.75,0.0,-326.00000000000364,313121.98099999933,0.0,2941.6350000000093,0.009307097847036008,1.0
670,2017-03-17 09:15:00,sell,1.0,1226.16,1227.13,1223.25,2017-03-17 09:45:00,1227.13,0.0,-127.00000000000273,312994.98099999933,0.0,3068.6350000000093,0.00970891568866951,2.0
671,2017-03-17 12:00:00,sell,1.0,1225.66,1227.71,1219.5100000000002,2017-03-17 12:00:00,1227.71,0.0,-234.99999999999545,312759.98099999933,0.0,3303.6350000000093,0.010452436891692134,2.0
672,2017-03-18 00:00:00,sell,1.0,1228.6,1230.75,1222.1499999999996,2017-03-20 02:30:00,1230.75,0.0,-245.0000000000091,312514.98099999933,2.0,3548.6350000000093,0.01122759729484338,4.0
673,2017-03-16 22:15:00,sell,1.0,1226.33,1231.75,1210.0699999999997,2017-03-20 05:00:00,1231.75,13.054,-585.0540000000072,311929.9269999993,3.0,4133.689000000013,0.013078661354048489,4.0
674,2017-03-17 07:15:00,buy,1.0,1226.83,1224.8,1232.9199999999998,2017-03-20 05:00:00,1232.9199999999998,-12.09,591.0899999999918,312521.0169999993,2.0,3542.5990000000456,0.011208499873645859,4.0
675,2017-03-17 10:00:00,buy,1.0,1226.81,1224.8,1232.84,2017-03-20 05:00:00,1232.84,-12.09,585.0899999999973,313106.1069999993,2.0,2957.50900000002,0.009357321913320216,4.0
676,2017-03-17 12:15:00,buy,1.0,1227.73,1225.66,1233.9399999999998,2017-03-20 06:15:00,1233.9399999999998,-12.09,603.0899999999809,313709.1969999993,2.0,2354.4190000000526,0.007449193392763239,4.0
677,2017-03-20 13:30:00,sell,1.0,1232.84,1234.77,1227.0499999999997,2017-03-20 23:45:00,1234.77,0.0,-223.00000000000637,313486.1969999993,0.0,2577.4190000000526,0.008154747555631515,4.0
678,2017-03-20 19:45:00,buy,1.0,1233.64,1231.03,1241.4700000000005,2017-03-21 05:30:00,1231.03,-12.09,-278.91000000001276,313207.28699999925,0.0,2856.329000000085,0.009037196486419022,4.0
679,2017-03-20 02:15:00,buy,1.0,1230.05,1228.24,1235.4799999999998,2017-03-21 06:00:00,1228.24,-12.09,-198.90999999999454,313008.3769999993,1.0,3055.2390000000596,0.009666531816177368,4.0
680,2017-03-21 05:45:00,sell,1.0,1229.53,1235.12,1212.7600000000002,2017-03-21 17:15:00,1235.12,0.0,-588.9999999999918,312419.3769999993,0.0,3644.2390000000596,0.011530080703753219,4.0
681,2017-03-15 22:15:00,buy,1.0,1210.21,1199.26,1243.0600000000002,2017-03-21 19:30:00,1243.0600000000002,-72.53999999999999,3327.5400000000136,315746.9169999993,5.0,316.69900000002235,0.0010020103041535253,4.0
682,2017-03-21 13:15:00,buy,1.0,1231.59,1227.18,1244.8199999999995,2017-03-21 21:00:00,1244.8199999999995,-0.0,1292.9999999999563,317039.91699999926,0.0,-976.3009999999194,-0.0030889382724771505,0.0
683,2017-03-22 15:00:00,sell,1.0,1245.35,1247.95,1237.5499999999995,2017-03-22 16:45:00,1247.95,0.0,-290.00000000001364,316749.91699999926,0.0,290.0,0.0009147113169348977,0.0
684,2017-03-22 16:45:00,buy,1.0,1247.21,1244.81,1254.4100000000003,2017-03-23 06:00:00,1244.81,-36.269999999999996,-233.7300000000091,316516.1869999993,0.0,523.7299999999814,0.001651937096614817,0.0
685,2017-03-23 00:30:00,sell,1.0,1248.14,1251.04,1239.4400000000005,2017-03-23 16:45:00,1251.04,0.0,-319.99999999998636,316196.1869999993,0.0,843.7299999999814,0.0026612737221981524,0.0
686,2017-03-23 11:00:00,buy,1.0,1247.28,1244.62,1255.2600000000002,2017-03-23 19:15:00,1244.62,-0.0,-296.0000000000082,315900.1869999993,0.0,1139.7299999999814,0.0035949101008627376,0.0
687,2017-03-23 19:30:00,sell,1.0,1242.92,1252.01,1215.6500000000003,2017-03-27 03:00:00,1252.01,13.054,-952.0539999999918,314948.1329999993,3.0,2091.783999999985,0.00659785688752874,3.0
688,2017-03-24 14:15:00,buy,1.0,1244.32,1241.74,1252.0599999999997,2017-03-27 03:00:00,1252.0599999999997,-12.09,756.0899999999782,315704.22299999924,2.0,1335.6940000000177,0.004213015233662267,3.0
689,2017-03-25 00:45:00,sell,1.0,1245.16,1250.71,1228.5100000000002,2017-03-27 03:00:00,1250.71,0.0,-584.9999999999955,315119.22299999924,2.0,1920.6940000000177,0.006058208752306803,3.0
690,2017-03-28 10:15:00,buy,1.0,1254.27,1252.88,1258.4399999999996,2017-03-28 11:00:00,1252.88,-0.0,-168.99999999998727,314950.22299999924,0.0,2089.6940000000177,0.006591264657693001,4.0
691,2017-03-28 10:45:00,sell,1.0,1253.54,1255.14,1248.7399999999996,2017-03-28 16:30:00,1255.14,0.0,-190.00000000001364,314760.22299999924,0.0,2279.6940000000177,0.007190558279133107,4.0
692,2017-03-28 16:00:00,buy,1.0,1254.01,1251.74,1260.82,2017-03-28 22:45:00,1251.74,-0.0,-256.9999999999982,314503.22299999924,0.0,2536.6940000000177,0.008001181756554723,4.0
693,2017-03-29 21:30:00,sell,1.0,1250.75,1253.6,1242.2000000000003,2017-03-29 22:15:00,1253.6,0.0,-314.9999999999909,314188.22299999924,0.0,2851.6940000000177,0.00899474749736332,4.0
694,2017-03-29 22:15:00,buy,1.0,1252.68,1250.75,1258.4700000000003,2017-03-30 06:00:00,1250.75,-36.269999999999996,-186.73000000000638,314001.49299999926,0.0,3038.423999999999,0.009583726960160686,4.0
695,2017-03-29 12:15:00,buy,1.0,1250.57,1247.62,1259.42,2017-03-30 17:30:00,1247.62,-36.269999999999996,-288.73000000000457,313712.7629999993,1.0,3327.1539999999804,0.01049443247236274,4.0
696,2017-03-30 05:45:00,sell,1.0,1252.16,1253.53,1248.0500000000004,2017-03-30 17:30:00,1248.0500000000004,0.0,380.99999999996726,314093.7629999992,0.0,2946.1540000000386,0.009292691052527766,4.0
697,2017-03-30 13:00:00,buy,1.0,1250.85,1248.74,1257.1799999999996,2017-03-30 17:30:00,1248.74,-0.0,-240.99999999999,313852.7629999992,0.0,3187.1540000000386,0.010052847698670216,4.0
698,2017-03-30 13:15:00,sell,1.0,1250.37,1251.23,1247.7899999999995,2017-03-30 17:30:00,1247.7899999999995,0.0,228.0000000000382,314080.7629999993,0.0,2959.1539999999804,0.009333695352941906,4.0
699,2017-03-27 03:15:00,buy,1.0,1251.68,1244.93,1271.93,2017-03-30 18:15:00,1244.93,-60.45,-644.55,313436.2129999993,3.0,3603.703999999969,0.011366720109253553,4.0
700,2017-03-28 22:00:00,sell,1.0,1254.28,1257.7,1244.0199999999998,2017-03-30 23:45:00,1244.0199999999998,26.108,969.8920000000219,314406.10499999934,2.0,2633.811999999918,0.008307509114065042,4.0
701,2017-03-31 13:45:00,sell,1.0,1241.8,1242.92,1238.4399999999996,2017-03-31 14:15:00,1242.92,0.0,-142.00000000001182,314264.10499999934,0.0,2775.811999999918,0.008755402241667647,4.0
702,2017-03-31 11:30:00,buy,1.0,1242.75,1240.6,1249.2000000000003,2017-03-31 16:30:00,1240.6,-0.0,-245.0000000000091,314019.10499999934,0.0,3020.811999999918,0.009528175595629887,4.0
703,2017-04-03 09:30:00,sell,1.0,1247.27,1249.34,1241.0600000000002,2017-04-03 18:00:00,1249.34,0.0,-236.99999999999363,313782.10499999934,0.0,3257.811999999918,0.010275715533952545,7.0
704,2017-04-03 17:45:00,buy,1.0,1247.43,1245.07,1254.5100000000004,2017-04-04 02:00:00,1254.5100000000004,-12.09,690.0900000000382,314472.19499999937,0.0,2567.7219999998924,0.008099049559112453,7.0
705,2017-03-27 19:30:00,sell,1.0,1255.17,1260.42,1239.42,2017-04-04 15:45:00,1260.42,52.216,-607.216,313864.97899999935,7.0,3174.9379999999073,0.010014316272988157,7.0
706,2017-04-05 11:15:00,buy,1.0,1256.33,1253.96,1263.4399999999996,2017-04-05 13:00:00,1253.96,-0.0,-266.9999999999891,313597.97899999935,0.0,3441.9379999999073,0.010856481519959252,7.0
707,2017-04-05 13:30:00,sell,1.0,1252.55,1257.0,1239.1999999999998,2017-04-06 02:15:00,1257.0,19.581,-494.58100000000456,313103.39799999935,0.0,3936.518999999913,0.01241647751251437,7.0
708,2017-03-31 17:30:00,buy,1.0,1245.67,1240.44,1261.3600000000001,2017-04-07 05:15:00,1261.3600000000001,-84.63,1623.6300000000056,314727.02799999935,6.0,2312.8889999999083,0.007295261183152258,8.0
709,2017-04-04 17:45:00,sell,1.0,1255.14,1260.46,1239.1800000000003,2017-04-07 05:15:00,1260.46,32.635,-594.6349999999936,314132.39299999934,2.0,2907.5239999999176,0.009170845196757746,8.0
710,2017-04-06 08:15:00,sell,1.0,1253.08,1258.62,1236.46,2017-04-07 05:15:00,1258.62,6.527,-590.5269999999964,313541.86599999934,0.0,3498.0509999999194,0.011033471851432284,8.0
711,2017-04-07 05:30:00,buy,1.0,1261.71,1250.72,1294.68,2017-04-10 15:15:00,1250.72,-12.09,-1116.910000000001,312424.95599999937,3.0,4614.960999999894,0.014556403634183089,11.0
712,2017-04-07 21:00:00,sell,1.0,1260.3,1268.05,1237.05,2017-04-11 18:15:00,1268.05,13.054,-818.054,311606.90199999936,3.0,5433.014999999898,0.017136690708886067,12.0
713,2017-04-10 19:45:00,buy,1.0,1253.66,1248.09,1270.3700000000006,2017-04-11 18:45:00,1270.3700000000006,-12.09,1653.090000000049,313259.9919999994,0.0,3779.924999999872,0.011922552326431125,12.0
714,2017-04-05 23:15:00,buy,1.0,1254.15,1245.63,1279.71,2017-04-12 05:00:00,1279.71,-84.63,2610.6299999999947,315870.6219999994,6.0,1169.2949999998673,0.003688163342535413,12.0
715,2017-04-12 11:00:00,buy,1.0,1275.1,1274.1,1278.1,2017-04-12 11:15:00,1274.1,-0.0,-130.0,315740.6219999994,0.0,1299.2949999998673,0.004098206346678643,12.0
716,2017-04-12 10:45:00,sell,1.0,1274.82,1277.65,1266.3299999999995,2017-04-12 16:15:00,1277.65,0.0,-313.00000000001546,315427.6219999994,0.0,1612.2949999998673,0.005085463733577343,12.0
717,2017-04-12 11:15:00,sell,1.0,1274.36,1277.65,1264.4899999999993,2017-04-12 16:15:00,1277.65,0.0,-359.0000000000191,315068.6219999994,0.0,1971.2949999998673,0.006217813260403647,12.0
718,2017-04-12 16:30:00,buy,1.0,1275.28,1272.89,1282.4499999999996,2017-04-12 17:15:00,1272.89,-0.0,-268.99999999998727,314799.6219999994,0.0,2240.2949999998673,0.007066286861284639,12.0
719,2017-04-12 21:00:00,buy,1.0,1275.56,1273.14,1282.8199999999995,2017-04-12 21:30:00,1273.14,-0.0,-271.99999999998454,314527.6219999994,0.0,2512.2949999998673,0.007924222993030474,12.0
720,2017-04-12 20:30:00,sell,1.0,1273.66,1276.22,1265.9800000000002,2017-04-12 22:30:00,1276.22,0.0,-285.99999999999454,314241.6219999994,0.0,2798.2949999998673,0.00882631760214558,12.0
721,2017-04-12 21:45:00,sell,1.0,1273.02,1276.22,1263.4199999999998,2017-04-12 22:30:00,1276.22,0.0,-350.00000000000455,313891.6219999994,0.0,3148.2949999998673,0.009930279536377354,12.0
722,2017-04-12 23:00:00,buy,1.0,1275.21,1272.74,1282.6200000000001,2017-04-12 23:15:00,1282.6200000000001,-0.0,711.0000000000082,314602.6219999994,0.0,2437.2949999998673,0.0076876597214093805,12.0
723,2017-04-13 11:00:00,sell,1.0,1284.03,1287.53,1273.53,2017-04-13 13:45:00,1287.53,0.0,-380.0,314222.6219999994,0.0,2817.2949999998673,0.008886246964289591,12.0
724,2017-04-13 11:45:00,buy,1.0,1285.38,1284.0,1289.5200000000004,2017-04-13 17:30:00,1284.0,-0.0,-168.0000000000109,314054.6219999994,0.0,2985.2949999998673,0.009416148692720842,12.0
725,2017-04-13 17:45:00,sell,1.0,1283.26,1288.02,1268.98,2017-04-13 23:30:00,1288.02,0.0,-505.9999999999991,313548.6219999994,0.0,3491.2949999998673,0.01101216223192449,12.0
726,2017-04-17 18:45:00,buy,1.0,1291.82,1286.28,1308.4399999999998,2017-04-17 22:30:00,1286.28,-0.0,-583.9999999999964,312964.6219999994,0.0,4075.2949999998673,0.012854201573614079,15.0
727,2017-04-13 21:15:00,buy,1.0,1286.96,1283.15,1298.3899999999999,2017-04-17 23:15:00,1283.15,-24.18,-386.81999999999454,312577.8019999994,4.0,4462.114999999874,0.014074300303327056,15.0
728,2017-04-18 12:00:00,buy,1.0,1284.72,1282.23,1292.19,2017-04-18 17:45:00,1282.23,-0.0,-279.0000000000009,312298.8019999994,0.0,4741.114999999874,0.014954315673757526,15.0
729,2017-04-18 18:00:00,sell,1.0,1279.55,1286.75,1257.9499999999998,2017-04-18 18:15:00,1286.75,0.0,-750.0000000000045,311548.8019999994,0.0,5491.114999999874,0.01731994838996847,15.0
730,2017-04-17 22:30:00,sell,1.0,1287.64,1291.82,1275.1000000000006,2017-04-18 20:45:00,1291.82,6.527,-454.5269999999836,311094.2749999994,0.0,5945.641999999876,0.01875360697877009,15.0
731,2017-04-18 19:00:00,buy,1.0,1287.99,1279.49,1313.49,2017-04-19 17:45:00,1279.49,-12.09,-867.91,310226.3649999994,0.0,6813.5519999998505,0.021491148699738862,15.0
732,2017-04-19 04:30:00,sell,1.0,1288.72,1291.89,1279.2099999999998,2017-04-19 17:45:00,1279.2099999999998,0.0,921.0000000000218,311147.3649999994,0.0,5892.5519999998505,0.018586151724231822,15.0
733,2017-04-20 11:00:00,buy,1.0,1280.45,1278.44,1286.48,2017-04-20 11:45:00,1278.44,-0.0,-230.9999999999991,310916.3649999994,0.0,6123.5519999998505,0.019314766600824793,15.0
734,2017-04-20 12:15:00,sell,1.0,1277.87,1280.92,1268.7199999999993,2017-04-20 16:45:00,1280.92,0.0,-335.0000000000182,310581.3649999994,0.0,6458.5519999998505,0.02037141588073235,15.0
735,2017-04-20 16:30:00,buy,1.0,1280.39,1277.66,1288.5800000000002,2017-04-20 17:00:00,1277.66,-0.0,-303.0000000000018,310278.3649999994,0.0,6761.5519999998505,0.021327131498081568,15.0
736,2017-04-21 06:15:00,sell,1.0,1280.37,1282.0,1275.4799999999996,2017-04-21 14:30:00,1282.0,0.0,-193.0000000000109,310085.3649999994,0.0,6954.5519999998505,0.021935887650386517,15.0
737,2017-04-21 12:45:00,buy,1.0,1281.36,1279.33,1287.4499999999998,2017-04-21 18:15:00,1279.33,-0.0,-232.99999999999727,309852.3649999994,0.0,7187.5519999998505,0.022670810880889385,15.0
738,2017-04-17 10:00:00,sell,1.0,1288.15,1294.77,1268.2900000000004,2017-04-24 02:00:00,1268.2900000000004,45.689,1910.3109999999672,311762.6759999994,6.0,5277.240999999864,0.016645351947905902,17.0
739,2017-04-24 19:15:00,buy,1.0,1272.9,1267.52,1289.0400000000004,2017-04-25 16:15:00,1267.52,-12.09,-555.9100000000109,311206.76599999936,0.0,5833.150999999896,0.018398790458931107,18.0
740,2017-04-25 06:15:00,sell,1.0,1273.79,1277.79,1261.79,2017-04-25 20:15:00,1261.79,0.0,1170.0,312376.76599999936,0.0,4663.150999999896,0.014708403421642036,18.0
741,2017-04-26 09:30:00,sell,1.0,1263.5,1264.44,1260.6799999999998,2017-04-26 10:00:00,1264.44,0.0,-124.00000000000546,312252.76599999936,0.0,4787.150999999896,0.015099521364055579,18.0
742,2017-04-26 12:15:00,buy,1.0,1264.47,1262.86,1269.3000000000004,2017-04-26 16:15:00,1262.86,-0.0,-191.00000000001273,312061.76599999936,0.0,4978.150999999896,0.015701969162450632,18.0
743,2017-04-26 07:15:00,buy,1.0,1264.21,1261.52,1272.2800000000002,2017-04-26 16:30:00,1261.52,-0.0,-299.00000000000546,311762.76599999936,0.0,5277.150999999896,0.01664506807198006,18.0
744,2017-04-26 16:30:00,sell,1.0,1263.96,1265.97,1257.93,2017-04-26 19:45:00,1265.97,0.0,-230.9999999999991,311531.76599999936,0.0,5508.150999999896,0.01737368294857303,18.0
745,2017-04-27 09:30:00,buy,1.0,1267.0,1265.9,1270.2999999999997,2017-04-27 10:00:00,1265.9,-0.0,-139.9999999999909,311391.76599999936,0.0,5648.150999999896,0.01781526772226574,18.0
746,2017-04-27 23:45:00,sell,1.0,1263.84,1265.8,1257.9599999999998,2017-04-28 06:30:00,1265.8,6.527,-232.52700000000362,311159.23899999936,0.0,5880.677999999898,0.018548699027068922,18.0
747,2017-04-27 10:15:00,sell,1.0,1265.93,1268.17,1259.21,2017-04-28 16:00:00,1268.17,6.527,-260.5270000000009,310898.71199999936,1.0,6141.2049999999,0.019370447286610644,18.0
748,2017-04-28 18:15:00,sell,1.0,1265.37,1268.17,1256.9699999999993,2017-04-28 19:15:00,1268.17,0.0,-310.0000000000182,310588.71199999936,0.0,6451.2049999999,0.020348242142644503,18.0
749,2017-04-27 06:30:00,sell,1.0,1266.52,1269.45,1257.7299999999998,2017-05-01 02:00:00,1269.45,13.054,-336.05400000000634,310252.65799999936,3.0,6787.258999999904,0.021408215925062583,20.0
750,2017-04-28 06:15:00,buy,1.0,1264.95,1263.62,1268.9400000000005,2017-05-01 02:00:00,1268.9400000000005,-12.09,381.09000000004636,310633.7479999994,2.0,6406.168999999878,0.020206190629301398,20.0
751,2017-04-28 18:45:00,buy,1.0,1266.87,1264.53,1273.8899999999996,2017-05-01 05:30:00,1264.53,-12.09,-251.9099999999918,310381.8379999994,2.0,6658.078999999852,0.02100075934602225,20.0
752,2017-05-01 16:45:00,buy,1.0,1264.76,1262.08,1272.8000000000002,2017-05-01 19:30:00,1262.08,-0.0,-298.00000000000637,310083.8379999994,0.0,6956.078999999852,0.021940704078596728,20.0
753,2017-04-26 22:15:00,buy,1.0,1266.87,1260.67,1285.4699999999993,2017-05-01 19:45:00,1260.67,-60.45,-589.5499999999818,309494.2879999994,4.0,7545.628999999841,0.02380024910238624,20.0
754,2017-04-27 19:45:00,buy,1.0,1265.48,1261.65,1276.9699999999998,2017-05-01 19:45:00,1261.65,-24.18,-388.8199999999927,309105.4679999994,4.0,7934.448999999848,0.025026656186009116,20.0
755,2017-05-02 20:30:00,buy,1.0,1255.28,1252.25,1264.37,2017-05-03 16:30:00,1252.25,-12.09,-320.9099999999973,308784.55799999944,0.0,8255.358999999822,0.026038863112621373,21.0
756,2017-05-03 08:45:00,sell,1.0,1255.48,1256.56,1252.2400000000002,2017-05-03 16:30:00,1252.2400000000002,0.0,293.9999999999782,309078.55799999944,0.0,7961.358999999822,0.025111535087866683,21.0
757,2017-05-01 05:45:00,sell,1.0,1263.2,1270.68,1240.76,2017-05-03 23:45:00,1240.76,13.054,2200.9460000000054,311279.50399999943,2.0,5760.412999999826,0.01816936193558188,21.0
758,2017-05-01 20:00:00,sell,1.0,1259.9,1268.1,1235.3000000000006,2017-05-04 10:00:00,1235.3000000000006,32.635,2397.364999999945,313676.86899999937,2.0,3363.0479999998934,0.010607648499983368,21.0
759,2017-05-05 08:15:00,buy,1.0,1231.28,1226.77,1244.81,2017-05-05 17:15:00,1226.77,-0.0,-480.9999999999991,313195.86899999937,0.0,3844.0479999998934,0.012124807615313319,22.0
760,2017-05-08 11:30:00,buy,1.0,1230.79,1229.67,1234.1499999999996,2017-05-08 13:00:00,1229.67,-0.0,-141.9999999999891,313053.86899999937,0.0,3986.0479999998934,0.012572700742915924,24.0
761,2017-05-08 11:00:00,sell,1.0,1229.67,1232.41,1221.45,2017-05-08 13:45:00,1232.41,0.0,-304.0000000000009,312749.86899999937,0.0,4290.047999999893,0.013531570537220093,24.0
762,2017-05-08 13:30:00,sell,1.0,1229.65,1231.52,1224.0400000000004,2017-05-08 13:45:00,1231.52,0.0,-216.9999999999891,312532.86899999937,0.0,4507.047999999893,0.014216026936443792,24.0
763,2017-05-05 17:00:00,sell,1.0,1229.42,1235.25,1211.9300000000003,2017-05-08 14:00:00,1235.25,6.527,-619.5269999999928,311913.34199999936,2.0,5126.574999999895,0.01617012472281182,24.0
764,2017-05-08 14:00:00,buy,1.0,1232.93,1229.65,1242.77,2017-05-08 17:15:00,1229.65,-0.0,-357.99999999999727,311555.34199999936,0.0,5484.574999999895,0.017299320072683175,24.0
765,2017-05-09 06:30:00,buy,1.0,1228.1,1225.98,1234.4599999999996,2017-05-09 09:15:00,1225.98,-0.0,-241.9999999999891,311313.34199999936,0.0,5726.574999999895,0.018062630895780574,24.0
766,2017-05-08 03:45:00,buy,1.0,1232.86,1225.03,1256.3499999999997,2017-05-09 10:15:00,1225.03,-12.09,-800.9099999999927,310512.4319999994,1.0,6527.48499999987,0.020588842760767834,24.0
767,2017-05-09 09:15:00,sell,1.0,1226.54,1228.46,1220.7799999999997,2017-05-09 16:30:00,1220.7799999999997,0.0,546.0000000000218,311058.4319999994,0.0,5981.48499999987,0.018866662143366266,24.0
768,2017-05-08 17:30:00,sell,1.0,1229.97,1235.08,1214.6400000000003,2017-05-09 22:15:00,1214.6400000000003,6.527,1496.47299999997,312554.9049999994,1.0,4485.0119999998715,0.01414652149306449,24.0
769,2017-05-10 11:00:00,sell,1.0,1221.51,1223.22,1216.3799999999999,2017-05-10 12:00:00,1223.22,0.0,-201.00000000000364,312353.9049999994,0.0,4686.0119999998715,0.014780511061009022,24.0
770,2017-05-10 12:15:00,buy,1.0,1224.63,1221.02,1235.4600000000005,2017-05-10 18:45:00,1221.02,-0.0,-391.00000000001273,311962.9049999994,0.0,5077.0119999998715,0.016013794250393662,24.0
771,2017-05-10 19:00:00,sell,1.0,1220.85,1224.58,1209.6599999999999,2017-05-11 18:00:00,1224.58,19.581,-422.58100000000184,311540.3239999994,0.0,5499.592999999877,0.017346689502192526,24.0
772,2017-05-11 06:15:00,buy,1.0,1220.22,1217.63,1227.9899999999998,2017-05-12 10:15:00,1227.9899999999998,-12.09,759.0899999999755,312299.41399999935,1.0,4740.50299999991,0.01495238531746121,24.0
773,2017-05-15 02:30:00,buy,1.0,1229.25,1226.96,1236.12,2017-05-15 05:00:00,1226.96,-0.0,-258.99999999999636,312040.41399999935,0.0,4999.50299999991,0.015769317148792723,26.0
774,2017-05-15 05:15:00,sell,1.0,1227.07,1229.78,1218.9399999999998,2017-05-15 06:00:00,1229.78,0.0,-301.00000000000364,311739.41399999935,0.0,5300.50299999991,0.016718724412232048,26.0
775,2017-05-12 20:45:00,sell,1.0,1226.97,1231.33,1213.8900000000003,2017-05-15 09:30:00,1231.33,6.527,-472.52699999999,311266.88699999935,2.0,5773.0299999999115,0.01820915818622273,26.0
776,2017-05-15 05:45:00,buy,1.0,1229.0,1227.06,1234.8200000000002,2017-05-15 16:00:00,1234.8200000000002,-0.0,552.0000000000164,311818.88699999935,0.0,5221.0299999999115,0.016468052507091477,26.0
777,2017-05-15 21:00:00,sell,1.0,1231.6,1236.16,1217.9199999999994,2017-05-16 18:30:00,1236.16,6.527,-492.52700000001727,311326.35999999935,0.0,5713.556999999913,0.01802156982018112,27.0
778,2017-05-10 00:30:00,buy,1.0,1221.38,1214.81,1241.0900000000006,2017-05-17 03:30:00,1241.0900000000006,-84.63,2025.6300000000492,313351.9899999994,7.0,3687.9269999998505,0.011632374354929758,27.0
779,2017-05-16 05:30:00,buy,1.0,1232.75,1230.08,1240.7600000000002,2017-05-17 03:30:00,1240.7600000000002,-12.09,783.0900000000219,314135.07999999943,0.0,2904.836999999825,0.009162369923279508,27.0
780,2017-05-18 10:00:00,sell,1.0,1259.16,1262.39,1249.47,2017-05-18 13:45:00,1262.39,0.0,-353.0000000000018,313782.07999999943,0.0,3257.836999999825,0.010275794388376126,28.0
781,2017-05-18 13:45:00,buy,1.0,1261.2,1254.99,1279.8300000000002,2017-05-18 17:30:00,1254.99,-0.0,-651.0000000000036,313131.07999999943,0.0,3908.836999999825,0.012329163586047224,28.0
782,2017-05-19 08:00:00,sell,1.0,1248.66,1250.43,1243.3500000000001,2017-05-19 10:15:00,1250.43,0.0,-206.99999999999818,312924.07999999943,0.0,4115.836999999825,0.012982078215721444,28.0
783,2017-05-22 06:15:00,sell,1.0,1252.99,1257.16,1240.4799999999998,2017-05-22 15:15:00,1257.16,0.0,-447.0000000000073,312477.07999999943,0.0,4562.836999999825,0.014391995314583165,31.0
784,2017-05-19 07:15:00,buy,1.0,1249.97,1246.49,1260.41,2017-05-22 19:00:00,1260.41,-12.09,1026.0900000000054,313503.16999999946,3.0,3536.7469999997993,0.01115552588288057,31.0
785,2017-05-19 10:30:00,buy,1.0,1251.33,1247.78,1261.9799999999998,2017-05-22 21:30:00,1261.9799999999998,-12.09,1047.0899999999863,314550.2599999994,3.0,2489.656999999832,0.007852818735124252,31.0
786,2017-05-22 11:15:00,buy,1.0,1254.89,1252.21,1262.9300000000003,2017-05-23 03:30:00,1262.9300000000003,-12.09,786.0900000000191,315336.34999999945,0.0,1703.5669999998063,0.005373351772609158,31.0
787,2017-05-23 11:30:00,sell,1.0,1261.44,1262.81,1257.3300000000004,2017-05-23 17:15:00,1262.81,0.0,-166.9999999999891,315169.34999999945,0.0,1870.5669999998063,0.005900099324085461,31.0
788,2017-05-23 17:30:00,buy,1.0,1262.54,1259.05,1273.01,2017-05-23 18:00:00,1259.05,-0.0,-379.0000000000009,314790.34999999945,0.0,2249.5669999998063,0.007095532390010724,31.0
789,2017-05-23 18:30:00,sell,1.0,1260.01,1262.54,1252.42,2017-05-23 22:45:00,1252.42,0.0,728.9999999999918,315519.34999999945,0.0,1520.5669999998063,0.004796137389853688,31.0
790,2017-05-24 20:00:00,sell,1.0,1251.12,1253.58,1243.7399999999998,2017-05-24 21:00:00,1253.58,0.0,-276.00000000000364,315243.34999999945,0.0,1796.5669999998063,0.0056666902294193145,31.0
791,2017-05-24 13:30:00,buy,1.0,1251.81,1248.8,1260.84,2017-05-26 10:45:00,1260.84,-48.36,921.3599999999973,316164.70999999944,1.0,875.2069999998203,0.00276055775020854,32.0
792,2017-05-25 13:30:00,sell,1.0,1257.4,1259.27,1251.7900000000004,2017-05-26 10:45:00,1259.27,6.527,-223.52699999998907,315941.18299999944,0.0,1098.7339999998221,0.0034656014624171905,32.0
793,2017-05-18 17:15:00,sell,1.0,1257.19,1263.89,1237.09,2017-05-26 11:00:00,1263.89,52.216,-752.2160000000046,315188.9669999994,7.0,1850.949999999837,0.005838223834760344,32.0
794,2017-05-24 21:15:00,buy,1.0,1253.49,1250.08,1263.7200000000003,2017-05-26 11:00:00,1263.7200000000003,-48.36,1041.3600000000245,316230.32699999947,1.0,809.5899999997928,0.002553590120955636,32.0
795,2017-05-26 06:30:00,buy,1.0,1256.72,1254.33,1263.8900000000003,2017-05-26 11:00:00,1263.8900000000003,-0.0,687.00000000003,316917.3269999995,0.0,122.58999999973457,0.0003866705529062287,32.0
796,2017-05-29 11:45:00,buy,1.0,1267.19,1265.6,1271.9600000000005,2017-05-29 17:30:00,1265.6,-0.0,-189.00000000001455,316728.3269999995,0.0,311.5899999997346,0.0009828099973913861,35.0
797,2017-05-29 16:45:00,sell,1.0,1266.66,1267.47,1264.2300000000002,2017-05-29 18:45:00,1267.47,0.0,-110.99999999999454,316617.3269999995,0.0,422.5899999997346,0.0013329236393906057,35.0
798,2017-05-29 19:30:00,buy,1.0,1267.41,1265.39,1273.47,2017-05-30 03:45:00,1265.39,-12.09,-219.90999999999818,316397.41699999955,0.0,642.499999999709,0.002026558693553123,35.0
799,2017-05-30 02:30:00,buy,1.0,1267.09,1265.39,1272.1899999999994,2017-05-30 03:45:00,1265.39,-0.0,-199.9999999999818,316197.41699999955,0.0,842.499999999709,0.0026573940845427075,35.0
800,2017-05-29 20:45:00,sell,1.0,1266.29,1267.65,1262.2099999999996,2017-05-30 04:45:00,1267.65,6.527,-172.52700000001272,316024.88999999955,0.0,1015.0269999997108,0.0032015747720490137,35.0
801,2017-05-30 03:30:00,sell,1.0,1266.38,1267.65,1262.5700000000002,2017-05-30 04:45:00,1267.65,0.0,-156.99999999999818,315867.88999999955,0.0,1172.0269999997108,0.0036967805539758376,35.0
802,2017-05-29 05:30:00,sell,1.0,1266.5,1269.09,1258.7300000000002,2017-05-30 05:00:00,1269.09,6.527,-295.5269999999918,315572.36299999955,0.0,1467.5539999997127,0.004628925006940739,35.0
803,2017-05-30 05:00:00,buy,1.0,1267.68,1265.85,1273.1700000000005,2017-05-30 11:30:00,1265.85,-0.0,-213.00000000001546,315359.36299999955,0.0,1680.5539999997127,0.005300764698344646,35.0
804,2017-05-31 10:45:00,buy,1.0,1261.9,1259.85,1268.0500000000006,2017-05-31 19:00:00,1268.0500000000006,-0.0,585.0000000000546,315944.3629999996,0.0,1095.5539999996545,0.0034555711796999274,36.0
805,2017-05-30 09:45:00,sell,1.0,1267.15,1270.12,1258.2400000000007,2017-05-31 21:00:00,1270.12,6.527,-333.52699999998,315610.8359999996,1.0,1429.0809999996563,0.0045075743569528495,36.0
806,2017-06-01 06:30:00,buy,1.0,1270.06,1266.58,1280.5,2017-06-01 09:00:00,1266.58,-0.0,-378.0000000000018,315232.8359999996,0.0,1807.0809999996563,0.005699853245923164,36.0
807,2017-06-01 09:00:00,sell,1.0,1268.13,1270.06,1262.3400000000006,2017-06-01 16:15:00,1262.3400000000006,0.0,548.9999999999509,315781.83599999954,0.0,1258.0809999997145,0.003968210097656938,36.0
808,2017-06-01 22:00:00,buy,1.0,1266.45,1262.39,1278.6299999999999,2017-06-02 05:30:00,1262.39,-12.09,-423.90999999999457,315357.92599999957,0.0,1681.990999999689,0.0053052972506288315,36.0
809,2017-06-02 03:15:00,sell,1.0,1264.69,1268.15,1254.31,2017-06-02 16:30:00,1268.15,0.0,-376.00000000000364,314981.92599999957,0.0,2057.990999999689,0.006491267785689251,36.0
810,2017-06-02 14:15:00,buy,1.0,1262.91,1260.16,1271.16,2017-06-02 16:30:00,1271.16,-0.0,795.0,315776.92599999957,0.0,1262.990999999689,0.003983697106505651,36.0
811,2017-06-01 04:30:00,sell,1.0,1267.74,1273.09,1251.6900000000003,2017-06-02 16:45:00,1273.09,6.527,-571.526999999991,315205.39899999957,1.0,1834.5179999996908,0.005786394399036179,36.0
812,2017-06-05 19:30:00,sell,1.0,1280.06,1282.46,1272.8599999999997,2017-06-06 05:45:00,1282.46,6.527,-276.5270000000091,314928.87199999957,0.0,2111.0449999996927,0.006658609489857069,39.0
813,2017-06-06 03:30:00,buy,1.0,1280.24,1278.93,1284.1699999999998,2017-06-06 06:00:00,1284.1699999999998,-0.0,362.99999999998363,315291.87199999957,0.0,1748.0449999996927,0.005513643255210973,39.0
814,2017-04-24 02:15:00,sell,1.0,1267.51,1287.14,1208.6199999999997,2017-06-06 09:45:00,1287.14,280.661,-2273.661000000011,313018.21099999954,43.0,4021.7059999997145,0.012685172384774892,39.0
815,2017-06-07 11:30:00,buy,1.0,1293.42,1290.83,1301.1900000000005,2017-06-07 14:30:00,1290.83,-0.0,-289.00000000001455,312729.21099999954,0.0,4310.705999999715,0.013596729524754842,40.0
816,2017-06-07 14:30:00,sell,1.0,1291.55,1293.42,1285.9399999999996,2017-06-07 18:30:00,1293.42,0.0,-217.00000000001182,312512.21099999954,0.0,4527.705999999715,0.014281185923978541,40.0
817,2017-06-07 18:45:00,buy,1.0,1293.66,1288.66,1308.66,2017-06-07 19:45:00,1288.66,-0.0,-530.0,311982.21099999954,0.0,5057.705999999715,0.01595289971010094,40.0
818,2017-06-07 05:15:00,sell,1.0,1291.84,1294.52,1283.7999999999997,2017-06-07 22:45:00,1283.7999999999997,0.0,774.0000000000191,312756.21099999954,0.0,4283.705999999715,0.013511566746971248,40.0
819,2017-06-08 10:00:00,buy,1.0,1288.74,1283.96,1303.08,2017-06-08 13:00:00,1283.96,-0.0,-507.99999999999727,312248.21099999954,0.0,4791.705999999715,0.015113888640084793,40.0
820,2017-06-07 20:15:00,sell,1.0,1289.7,1293.69,1277.73,2017-06-08 17:30:00,1277.73,19.581,1147.4190000000028,313395.62999999954,0.0,3644.28699999972,0.01149472607261542,40.0
821,2017-06-08 12:45:00,sell,1.0,1284.91,1288.74,1273.4200000000003,2017-06-08 18:00:00,1273.4200000000003,0.0,1118.9999999999782,314514.62999999954,0.0,2525.28699999972,0.007965202060028693,40.0
822,2017-06-09 03:00:00,sell,1.0,1277.63,1279.38,1272.38,2017-06-09 03:30:00,1279.38,0.0,-205.0,314309.62999999954,0.0,2730.28699999972,0.008611808335793019,40.0
823,2017-06-09 03:45:00,buy,1.0,1279.83,1276.61,1289.49,2017-06-09 05:00:00,1276.61,-0.0,-352.00000000000273,313957.62999999954,0.0,3082.28699999972,0.009722078623934687,40.0
824,2017-06-09 02:15:00,buy,1.0,1279.32,1274.85,1292.73,2017-06-09 05:15:00,1274.85,-0.0,-477.00000000000273,313480.62999999954,0.0,3559.28699999972,0.011226621031444846,40.0
825,2017-06-12 12:45:00,buy,1.0,1268.93,1265.71,1278.5900000000001,2017-06-12 16:45:00,1265.71,-0.0,-352.00000000000273,313128.62999999954,0.0,3911.28699999972,0.012336891319586516,43.0
826,2017-06-09 05:15:00,sell,1.0,1275.58,1279.93,1262.5299999999995,2017-06-13 12:15:00,1262.5299999999995,13.054,1261.9460000000408,314390.5759999996,4.0,2649.3409999996657,0.008356490327997632,43.0
827,2017-06-13 07:00:00,buy,1.0,1266.45,1262.92,1277.04,2017-06-13 12:15:00,1262.92,-0.0,-382.99999999999727,314007.5759999996,0.0,3032.3409999996657,0.009564540101742685,43.0
828,2017-06-13 11:15:00,sell,1.0,1264.47,1266.78,1257.5400000000002,2017-06-13 21:30:00,1266.78,0.0,-260.99999999999454,313746.5759999996,0.0,3293.3409999996657,0.010387780286984094,43.0
829,2017-06-14 15:30:00,sell,1.0,1265.05,1268.72,1254.0399999999997,2017-06-14 22:30:00,1268.72,0.0,-397.0000000000073,313349.5759999996,0.0,3690.3409999996657,0.01163998853809842,44.0
830,2017-06-13 20:30:00,buy,1.0,1263.66,1260.52,1273.0800000000004,2017-06-15 11:00:00,1260.52,-48.36,-295.64000000001,313053.9359999996,1.0,3985.9809999996796,0.012572489413059268,44.0
831,2017-06-12 16:45:00,sell,1.0,1266.35,1269.94,1255.5799999999995,2017-06-15 15:00:00,1255.5799999999995,32.635,1014.3650000000437,314068.3009999996,2.0,2971.6159999996307,0.009373002706153363,44.0
832,2017-06-19 03:00:00,buy,1.0,1254.86,1252.13,1263.0499999999993,2017-06-19 05:15:00,1252.13,-0.0,-302.9999999999791,313765.3009999996,0.0,3274.6159999996307,0.010328718323502585,47.0
833,2017-06-19 05:15:00,sell,1.0,1252.6,1255.06,1245.2199999999998,2017-06-19 21:15:00,1245.2199999999998,0.0,708.0000000000109,314473.3009999996,0.0,2566.6159999996307,0.008095561039399454,47.0
834,2017-06-20 15:45:00,sell,1.0,1244.32,1247.25,1235.5299999999997,2017-06-20 16:15:00,1247.25,0.0,-323.00000000000637,314150.3009999996,0.0,2889.6159999996307,0.009114360195847633,47.0
835,2017-06-20 16:30:00,buy,1.0,1246.81,1244.32,1254.28,2017-06-20 17:30:00,1244.32,-0.0,-279.0000000000009,313871.3009999996,0.0,3168.6159999996307,0.009994375566278104,47.0
836,2017-06-20 07:15:00,buy,1.0,1245.07,1243.23,1250.5899999999997,2017-06-20 18:30:00,1243.23,-0.0,-213.99999999999181,313657.3009999996,0.0,3382.6159999996307,0.01066936943463696,47.0
837,2017-06-21 12:30:00,sell,1.0,1245.23,1246.58,1241.1800000000003,2017-06-21 13:00:00,1246.58,0.0,-164.9999999999909,313492.3009999996,0.0,3547.6159999996307,0.011189808632203367,47.0
838,2017-06-20 16:45:00,sell,1.0,1245.53,1247.25,1240.37,2017-06-21 13:45:00,1247.25,6.527,-208.52700000000272,313283.7739999996,0.0,3756.1429999996326,0.011847539690087798,47.0
839,2017-06-21 12:45:00,buy,1.0,1245.96,1244.94,1249.02,2017-06-21 16:15:00,1244.94,-0.0,-131.99999999999818,313151.7739999996,0.0,3888.1429999996326,0.012263891048140924,47.0
840,2017-06-21 03:00:00,buy,1.0,1244.68,1242.39,1251.55,2017-06-21 17:00:00,1242.39,-0.0,-258.99999999999636,312892.7739999996,0.0,4147.142999999633,0.013080822879472436,47.0
841,2017-06-21 16:30:00,sell,1.0,1243.29,1247.28,1231.32,2017-06-22 22:00:00,1247.28,19.581,-448.5810000000009,312444.1929999996,1.0,4595.723999999638,0.014495726732099949,48.0
842,2017-06-21 21:45:00,buy,1.0,1245.3,1242.21,1254.5699999999997,2017-06-23 12:00:00,1254.5699999999997,-48.36,945.3599999999755,313389.5529999996,1.0,3650.363999999652,0.011513894005970424,48.0
843,2017-06-26 06:00:00,sell,1.0,1255.78,1257.7,1250.0199999999998,2017-06-27 15:30:00,1250.0199999999998,6.527,539.4730000000218,313929.0259999996,1.0,3110.890999999654,0.00981230070155381,52.0
844,2017-06-28 00:45:00,sell,1.0,1248.17,1250.13,1242.29,2017-06-28 05:30:00,1250.13,0.0,-226.00000000000364,313703.0259999996,0.0,3336.890999999654,0.010525144693372039,52.0
845,2017-06-29 05:00:00,sell,1.0,1249.78,1250.76,1246.84,2017-06-29 05:30:00,1250.76,0.0,-128.00000000000182,313575.0259999996,0.0,3464.890999999654,0.010928879343605374,53.0
846,2017-06-29 03:15:00,buy,1.0,1250.75,1248.73,1256.81,2017-06-29 11:45:00,1248.73,-0.0,-231.99999999999818,313343.0259999996,0.0,3696.890999999654,0.011660648397153292,53.0
847,2017-06-29 05:45:00,buy,1.0,1251.74,1248.89,1260.2899999999997,2017-06-29 11:45:00,1248.89,-0.0,-314.9999999999909,313028.0259999996,0.0,4011.890999999654,0.012654214137961887,53.0
848,2017-06-27 23:30:00,buy,1.0,1249.69,1246.08,1260.5200000000004,2017-06-29 12:00:00,1246.08,-48.36,-342.6400000000127,312685.3859999996,1.0,4354.530999999668,0.013734961329805288,53.0
849,2017-06-28 04:30:00,buy,1.0,1249.64,1246.36,1259.4800000000007,2017-06-29 12:00:00,1246.36,-36.269999999999996,-321.73000000002,312363.65599999955,1.0,4676.260999999708,0.014749754681520809,53.0
850,2017-06-28 17:45:00,sell,1.0,1250.16,1253.47,1240.2300000000002,2017-06-29 17:00:00,1240.2300000000002,19.581,943.4189999999836,313307.07499999955,0.0,3732.841999999713,0.011774044212860811,53.0
851,2017-06-29 11:30:00,sell,1.0,1249.72,1252.88,1240.2399999999998,2017-06-29 17:00:00,1240.2399999999998,0.0,918.0000000000246,314225.07499999955,0.0,2814.841999999713,0.008878509768218617,53.0
852,2017-06-30 04:45:00,sell,1.0,1244.57,1246.61,1238.45,2017-06-30 06:15:00,1246.61,0.0,-233.99999999999636,313991.07499999955,0.0,3048.841999999713,0.009616587175676431,53.0
853,2017-06-30 06:30:00,buy,1.0,1246.49,1244.2,1253.36,2017-06-30 09:45:00,1244.2,-0.0,-258.99999999999636,313732.07499999955,0.0,3307.841999999713,0.010433519007007943,53.0
854,2017-06-30 02:30:00,buy,1.0,1245.89,1240.31,1262.6300000000006,2017-06-30 16:30:00,1240.31,-0.0,-588.0000000000155,313144.07499999955,0.0,3895.841999999713,0.012288175056517322,53.0
855,2017-06-30 10:00:00,sell,1.0,1244.29,1247.91,1233.4299999999996,2017-07-03 14:30:00,1233.4299999999996,6.527,1049.4730000000354,314193.5479999996,3.0,2846.368999999657,0.008977951505077082,55.0
856,2017-07-06 10:45:00,sell,1.0,1224.63,1227.26,1216.7400000000005,2017-07-06 16:15:00,1227.26,0.0,-292.9999999999882,313900.5479999996,0.0,3139.368999999657,0.009902125352876824,58.0
857,2017-07-06 17:00:00,buy,1.0,1225.36,1222.93,1232.6499999999994,2017-07-06 18:45:00,1222.93,-0.0,-272.99999999998363,313627.5479999996,0.0,3412.368999999657,0.010763215661577608,58.0
858,2017-07-06 23:30:00,buy,1.0,1224.48,1223.36,1227.8400000000004,2017-07-07 16:30:00,1223.36,-12.09,-129.91000000001182,313497.63799999957,0.0,3542.2789999996894,0.011172974789794995,58.0
859,2017-07-05 19:30:00,buy,1.0,1222.35,1218.1,1235.1,2017-07-07 17:00:00,1218.1,-48.36,-406.64,313090.99799999956,1.0,3948.9189999997034,0.012455589306755062,58.0
860,2017-07-06 18:45:00,sell,1.0,1223.47,1226.63,1213.9899999999998,2017-07-07 17:30:00,1213.9899999999998,6.527,911.4730000000245,314002.47099999955,0.0,3037.4459999997052,0.00958064217509782,58.0
861,2017-07-07 16:45:00,sell,1.0,1222.81,1224.97,1216.3299999999997,2017-07-07 17:30:00,1216.3299999999997,0.0,618.0000000000246,314620.47099999955,0.0,2419.4459999997052,0.007631360816940004,58.0
862,2017-07-11 17:00:00,buy,1.0,1211.96,1209.74,1218.6200000000001,2017-07-11 18:15:00,1209.74,-0.0,-252.00000000000273,314368.47099999955,0.0,2671.4459999997052,0.00842621340958688,62.0
863,2017-07-11 06:00:00,sell,1.0,1211.99,1214.37,1204.8500000000004,2017-07-11 19:15:00,1214.37,0.0,-267.9999999999882,314100.47099999955,0.0,2939.4459999997052,0.009271532833512924,62.0
864,2017-07-11 18:30:00,sell,1.0,1208.54,1212.13,1197.7699999999995,2017-07-11 19:15:00,1212.13,0.0,-389.00000000001455,313711.47099999955,0.0,3328.4459999997052,0.010498507668987666,62.0
865,2017-07-12 13:30:00,buy,1.0,1219.23,1217.73,1223.73,2017-07-12 14:30:00,1217.73,-0.0,-180.0,313531.47099999955,0.0,3508.4459999997052,0.011066259520878292,62.0
866,2017-07-12 12:15:00,sell,1.0,1218.24,1220.1,1212.6600000000003,2017-07-12 20:30:00,1220.1,0.0,-215.99999999999,313315.47099999955,0.0,3724.4459999997052,0.011747561743147044,62.0
867,2017-07-12 14:15:00,sell,1.0,1218.2,1220.01,1212.7700000000002,2017-07-12 20:30:00,1220.01,0.0,-210.99999999999454,313104.47099999955,0.0,3935.4459999997052,0.012413093080641055,62.0
868,2017-07-13 14:45:00,buy,1.0,1222.63,1221.48,1226.0800000000004,2017-07-13 15:15:00,1221.48,-0.0,-145.0000000000091,312959.47099999955,0.0,4080.4459999997052,0.012870448739108503,62.0
869,2017-07-13 13:30:00,sell,1.0,1222.21,1223.64,1217.9199999999998,2017-07-13 18:00:00,1217.9199999999998,0.0,399.0000000000191,313358.47099999955,0.0,3681.4459999997052,0.011611932134084282,62.0
870,2017-07-13 15:15:00,sell,1.0,1221.91,1223.64,1216.72,2017-07-13 18:00:00,1216.72,0.0,489.00000000000546,313847.47099999955,0.0,3192.4459999997052,0.010069539603114748,62.0
871,2017-07-10 18:15:00,buy,1.0,1211.06,1205.62,1227.38,2017-07-14 21:30:00,1227.38,-72.53999999999999,1674.5400000000163,315522.0109999996,4.0,1517.905999999668,0.004787744124976135,63.0
872,2017-07-14 10:15:00,buy,1.0,1217.64,1215.65,1223.6100000000001,2017-07-14 21:30:00,1223.6100000000001,-0.0,567.0000000000027,316089.0109999996,0.0,950.905999999668,0.0029993257915206625,63.0
873,2017-07-17 13:45:00,sell,1.0,1229.55,1231.26,1224.4199999999998,2017-07-17 14:30:00,1231.26,0.0,-201.00000000000364,315888.0109999996,0.0,1151.905999999668,0.0036333153594651953,65.0
874,2017-07-11 19:30:00,buy,1.0,1214.64,1208.54,1232.9400000000005,2017-07-17 15:30:00,1232.9400000000005,-72.53999999999999,1872.540000000041,317760.5509999996,5.0,-720.6340000003693,-0.0022730071557531067,0.0
875,2017-07-17 14:30:00,buy,1.0,1230.75,1229.55,1234.3500000000001,2017-07-17 15:45:00,1234.3500000000001,-0.0,330.00000000001364,318090.5509999996,0.0,-330.0,-0.0010385178366587122,0.0
876,2017-07-18 03:45:00,sell,1.0,1233.15,1234.94,1227.7800000000002,2017-07-18 04:45:00,1234.94,0.0,-208.99999999999636,317881.5509999996,0.0,209.0,0.0006570456096320832,0.0
877,2017-07-12 21:15:00,buy,1.0,1219.81,1213.39,1239.0699999999995,2017-07-18 16:00:00,1239.0699999999995,-72.53999999999999,1968.5399999999536,319850.0909999996,5.0,-1759.539999999979,-0.005531569530966612,0.0
878,2017-07-18 12:30:00,sell,1.0,1235.92,1238.55,1228.0300000000004,2017-07-18 16:00:00,1238.55,0.0,-292.9999999999882,319557.0909999996,0.0,293.0,0.0009160541398751716,0.0
879,2017-07-18 05:00:00,buy,1.0,1235.02,1232.82,1241.6200000000001,2017-07-18 16:30:00,1241.6200000000001,-0.0,630.0000000000136,320187.0909999996,0.0,-337.0,-0.001053618584088508,0.0
880,2017-07-19 06:00:00,sell,1.0,1240.81,1243.75,1231.9899999999998,2017-07-19 16:45:00,1243.75,0.0,-324.00000000000546,319863.0909999996,0.0,324.0,0.0010119083782799989,1.0
881,2017-07-20 02:15:00,sell,1.0,1241.18,1242.36,1237.6400000000006,2017-07-20 03:30:00,1242.36,0.0,-147.99999999998363,319715.0909999996,0.0,472.0,0.0014741381313214798,1.0
882,2017-07-20 02:45:00,buy,1.0,1241.78,1240.39,1245.9499999999996,2017-07-20 04:30:00,1240.39,-0.0,-168.99999999998727,319546.0909999996,0.0,641.0,0.0020019545385107384,1.0
883,2017-07-19 16:00:00,buy,1.0,1241.84,1237.58,1254.62,2017-07-20 07:45:00,1237.58,-36.269999999999996,-419.7299999999991,319126.3609999996,0.0,1060.7299999999814,0.0033128443644843343,1.0
884,2017-07-20 04:30:00,sell,1.0,1240.78,1242.35,1236.0700000000002,2017-07-20 15:15:00,1236.0700000000002,0.0,440.9999999999809,319567.3609999996,0.0,619.7299999999814,0.0019355246273810025,1.0
885,2017-07-18 14:30:00,buy,1.0,1237.55,1235.18,1244.6599999999996,2017-07-20 19:45:00,1244.6599999999996,-48.36,729.3599999999673,320296.7209999996,2.0,-109.63000000000466,-0.0003423935663914845,0.0
886,2017-07-25 03:30:00,sell,1.0,1253.6,1255.33,1248.4099999999999,2017-07-25 06:30:00,1255.33,0.0,-203.00000000000182,320093.7209999996,0.0,203.0,0.0006337873187281248,4.0
887,2017-07-24 09:00:00,sell,1.0,1253.99,1256.65,1246.0099999999998,2017-07-25 09:45:00,1256.65,6.527,-302.5270000000082,319791.1939999996,1.0,505.52700000000186,0.0015783083836190832,4.0
888,2017-07-24 18:45:00,buy,1.0,1255.04,1252.38,1263.0199999999995,2017-07-25 12:00:00,1252.38,-12.09,-283.9099999999855,319507.28399999964,0.0,789.4369999999763,0.002464705219383052,4.0
889,2017-07-25 07:00:00,buy,1.0,1255.06,1252.95,1261.3899999999996,2017-07-25 12:00:00,1252.95,-0.0,-240.99999999999,319266.28399999964,0.0,1030.4369999999763,0.0032171325288090523,4.0
890,2017-07-20 17:00:00,buy,1.0,1240.96,1235.32,1257.8800000000003,2017-07-31 02:00:00,1257.8800000000003,-108.81,1770.81000000003,321037.0939999997,10.0,-740.3730000000796,-0.002311522258762307,0.0
891,2017-07-25 12:15:00,sell,1.0,1252.95,1257.02,1240.7400000000002,2017-07-31 02:00:00,1257.02,39.162,-476.1619999999936,320560.9319999997,5.0,476.1620000000112,0.0014831993215089706,0.0
892,2017-07-26 14:45:00,buy,1.0,1247.43,1244.38,1256.58,2017-07-31 02:00:00,1256.58,-60.45,945.4499999999864,321506.3819999997,4.0,-469.28800000000047,-0.0014617874655942435,0.0
893,2017-07-31 22:00:00,sell,1.0,1267.29,1268.89,1262.4899999999996,2017-07-31 22:30:00,1268.89,0.0,-190.00000000001364,321316.3819999997,0.0,190.0,0.0005909680511412063,0.0
894,2017-08-01 04:00:00,sell,1.0,1267.42,1269.81,1260.2500000000005,2017-08-01 06:15:00,1269.81,0.0,-268.99999999998727,321047.3819999997,0.0,459.0,0.0014276543972305982,0.0
895,2017-08-01 11:15:00,sell,1.0,1268.97,1270.3,1264.9800000000002,2017-08-01 12:00:00,1270.3,0.0,-162.99999999999272,320884.3819999997,0.0,622.0,0.0019346427779464751,0.0
896,2017-07-31 22:45:00,buy,1.0,1269.57,1266.72,1278.1199999999997,2017-08-01 13:00:00,1266.72,-12.09,-302.90999999999093,320581.4719999997,0.0,924.9099999999744,0.002876801369373673,0.0
897,2017-08-01 06:15:00,buy,1.0,1269.46,1267.42,1275.58,2017-08-01 13:00:00,1267.42,-0.0,-233.99999999999636,320347.4719999997,0.0,1158.9099999999744,0.0036046251797265273,0.0
898,2017-08-01 12:15:00,buy,1.0,1269.77,1268.1,1274.7800000000002,2017-08-01 13:00:00,1268.1,-0.0,-197.00000000000728,320150.4719999997,0.0,1355.9099999999744,0.004217365738015041,0.0
899,2017-08-01 13:00:00,sell,1.0,1268.59,1270.29,1263.4899999999998,2017-08-01 16:15:00,1263.4899999999998,0.0,480.00000000001364,320630.4719999997,0.0,875.9099999999744,0.00272439381934252,0.0
900,2017-08-01 18:15:00,buy,1.0,1271.99,1265.56,1291.2800000000002,2017-08-02 06:15:00,1265.56,-12.09,-660.9100000000063,319969.5619999997,0.0,1536.820000000007,0.004780060633446488,0.0
901,2017-08-02 15:00:00,buy,1.0,1267.16,1265.08,1273.4000000000005,2017-08-02 16:15:00,1265.08,-0.0,-238.00000000001546,319731.5619999997,0.0,1774.820000000007,0.005520325876454946,0.0
902,2017-08-02 16:45:00,sell,1.0,1265.3,1267.48,1258.7599999999998,2017-08-02 17:15:00,1267.48,0.0,-248.00000000000637,319483.5619999997,0.0,2022.820000000007,0.006291694701102415,0.0
903,2017-08-04 03:30:00,buy,1.0,1269.13,1267.6,1273.7200000000007,2017-08-04 05:30:00,1267.6,-0.0,-183.00000000002,319300.5619999997,0.0,2205.820000000007,0.006860890245096314,1.0
904,2017-08-04 06:00:00,sell,1.0,1268.16,1269.85,1263.0900000000006,2017-08-04 11:30:00,1269.85,0.0,-198.99999999998272,319101.5619999997,0.0,2404.820000000007,0.00747985151971263,1.0
905,2017-08-04 10:00:00,buy,1.0,1269.47,1267.32,1275.9200000000003,2017-08-04 15:45:00,1267.32,-0.0,-245.0000000000091,318856.5619999997,0.0,2649.820000000007,0.008241889269868395,1.0
906,2017-08-02 00:30:00,sell,1.0,1269.4,1273.27,1257.7900000000004,2017-08-07 02:00:00,1257.7900000000004,32.635,1098.3649999999673,319954.9269999997,5.0,1551.4550000000163,0.004825580725175209,3.0
907,2017-08-02 17:45:00,buy,1.0,1269.85,1264.58,1285.6599999999999,2017-08-07 02:00:00,1264.58,-60.45,-496.5499999999982,319458.3769999997,4.0,2048.0050000000047,0.006370029071460257,3.0
908,2017-08-03 19:15:00,sell,1.0,1268.79,1272.16,1258.6799999999996,2017-08-07 02:00:00,1258.6799999999996,13.054,967.9460000000355,320426.32299999974,3.0,1080.0589999999502,0.003359370328144687,3.0
909,2017-08-04 16:00:00,sell,1.0,1267.83,1269.64,1262.3999999999994,2017-08-07 02:00:00,1262.3999999999994,6.527,506.47300000005185,320932.7959999998,2.0,573.5859999998938,0.0017840578977990377,3.0
910,2017-08-08 00:00:00,sell,1.0,1257.11,1259.4,1250.2399999999993,2017-08-08 05:45:00,1259.4,0.0,-259.0000000000191,320673.7959999998,0.0,832.5859999998938,0.0025896406622494188,4.0
911,2017-08-08 05:00:00,buy,1.0,1258.18,1257.03,1261.6300000000003,2017-08-08 14:15:00,1261.6300000000003,-0.0,315.0000000000273,320988.7959999998,0.0,517.5859999998938,0.0016098778406205768,4.0
912,2017-08-09 00:30:00,sell,1.0,1259.99,1264.2,1247.36,2017-08-09 04:30:00,1264.2,0.0,-451.00000000000364,320537.7959999998,0.0,968.5859999998938,0.0030126493725399664,4.0
913,2017-08-07 18:30:00,buy,1.0,1258.4,1256.02,1265.5400000000004,2017-08-09 05:00:00,1265.5400000000004,-24.18,708.1800000000327,321245.97599999985,1.0,260.4059999998426,0.0008099559280283365,4.0
914,2017-08-09 03:45:00,buy,1.0,1262.34,1259.97,1269.4499999999996,2017-08-09 15:45:00,1269.4499999999996,-0.0,680.9999999999673,321926.9759999998,0.0,-420.5940000000992,-0.0013081979815881216,0.0
915,2017-08-14 07:30:00,buy,1.0,1288.47,1286.14,1295.4599999999998,2017-08-14 08:15:00,1286.14,-0.0,-262.9999999999927,321663.9759999998,0.0,263.0,0.0008169554576252727,4.0
916,2017-08-14 08:15:00,sell,1.0,1286.7,1288.91,1280.07,2017-08-14 15:00:00,1280.07,0.0,633.0000000000109,322296.9759999998,0.0,-370.0,-0.0011493289708036155,0.0
917,2017-08-14 19:45:00,buy,1.0,1284.02,1279.25,1298.33,2017-08-15 03:45:00,1279.25,-12.09,-494.9099999999982,321802.0659999998,0.0,494.9099999999744,0.0015355713421275623,0.0
918,2017-08-14 05:15:00,sell,1.0,1286.14,1291.18,1271.0200000000002,2017-08-16 10:15:00,1271.0200000000002,13.054,1468.945999999989,323271.0119999998,2.0,-974.0360000000219,-0.0030221692182430607,0.0
919,2017-08-16 06:15:00,buy,1.0,1273.62,1271.46,1280.0999999999995,2017-08-16 10:15:00,1271.46,-0.0,-245.99999999998545,323025.0119999998,0.0,246.0,0.0007609714167628495,0.0
920,2017-08-16 10:30:00,sell,1.0,1270.23,1273.63,1260.0299999999997,2017-08-16 19:00:00,1273.63,0.0,-370.0000000000091,322655.0119999998,0.0,616.0,0.0019055219216500623,0.0
921,2017-08-16 18:15:00,buy,1.0,1272.14,1268.96,1281.6800000000003,2017-08-16 22:15:00,1281.6800000000003,-0.0,924.0000000000191,323579.0119999998,0.0,-308.0,-0.0009527609608250312,0.0
922,2017-08-14 22:00:00,sell,1.0,1280.48,1285.39,1265.7499999999998,2017-08-17 04:45:00,1285.39,32.635,-553.6350000000082,323025.3769999998,2.0,553.6350000000093,0.001710973145563624,0.0
923,2017-08-17 14:15:00,sell,1.0,1285.06,1288.58,1274.5,2017-08-17 18:00:00,1288.58,0.0,-381.9999999999982,322643.3769999998,0.0,935.6350000000093,0.0028915194289548356,0.0
924,2017-08-17 18:15:00,buy,1.0,1288.57,1284.1,1301.98,2017-08-17 18:30:00,1284.1,-0.0,-477.00000000000273,322166.3769999998,0.0,1412.6350000000093,0.004365657065545432,0.0
925,2017-08-17 19:00:00,sell,1.0,1283.94,1288.57,1270.0500000000004,2017-08-17 23:30:00,1288.57,0.0,-492.9999999999882,321673.3769999998,0.0,1905.6350000000093,0.005889241666885398,0.0
926,2017-08-17 22:30:00,sell,1.0,1285.75,1288.57,1277.2900000000002,2017-08-17 23:30:00,1288.57,0.0,-311.99999999999363,321361.3769999998,0.0,2217.6350000000093,0.006853457479498116,0.0
927,2017-08-18 07:15:00,sell,1.0,1286.67,1289.25,1278.9300000000003,2017-08-18 11:00:00,1289.25,0.0,-287.9999999999927,321073.3769999998,0.0,2505.6350000000093,0.007743502844986778,0.0
928,2017-08-18 10:00:00,sell,1.0,1287.21,1289.25,1281.0900000000001,2017-08-18 11:00:00,1289.25,0.0,-233.99999999999636,320839.3769999998,0.0,2739.6350000000093,0.008466664704446316,0.0
929,2017-08-18 10:30:00,buy,1.0,1287.81,1286.66,1291.2599999999995,2017-08-18 19:30:00,1291.2599999999995,-0.0,314.9999999999591,321154.37699999975,0.0,2424.6350000000675,0.0074931775859432715,0.0
930,2017-08-18 08:45:00,buy,1.0,1287.93,1286.66,1291.74,2017-08-18 20:30:00,1286.66,-0.0,-156.99999999999818,320997.37699999975,0.0,2581.6350000000675,0.007978375927546466,0.0
931,2017-08-17 21:00:00,buy,1.0,1286.96,1283.94,1296.02,2017-08-21 02:00:00,1283.94,-24.18,-307.8199999999982,320689.55699999974,3.0,2889.4550000000745,0.008929673720618432,2.0
932,2017-08-17 22:45:00,buy,1.0,1286.69,1283.94,1294.94,2017-08-21 02:00:00,1283.94,-24.18,-280.82,320408.73699999973,3.0,3170.2750000000815,0.009797529760675836,2.0
933,2017-08-18 21:00:00,sell,1.0,1286.04,1290.63,1272.2699999999995,2017-08-21 17:30:00,1290.63,6.527,-495.52700000001454,319913.20999999973,2.0,3665.8020000000834,0.01132892389201091,2.0
934,2017-08-22 04:30:00,sell,1.0,1290.46,1292.9,1283.1399999999999,2017-08-22 11:00:00,1283.1399999999999,0.0,702.0000000000164,320615.20999999973,0.0,2963.8020000000834,0.009159438313632298,2.0
935,2017-08-22 17:30:00,buy,1.0,1289.33,1283.84,1305.8,2017-08-22 17:45:00,1283.84,-0.0,-579.0000000000009,320036.20999999973,0.0,3542.8020000000834,0.010948800350500129,2.0
936,2017-08-21 07:30:00,buy,1.0,1286.12,1282.62,1296.62,2017-08-22 18:00:00,1282.62,-12.09,-367.91,319668.29999999976,1.0,3910.7120000000577,0.012085802400558848,2.0
937,2017-08-22 19:15:00,buy,1.0,1287.19,1283.76,1297.4800000000002,2017-08-23 02:45:00,1283.76,-12.09,-360.9100000000064,319307.3899999997,0.0,4271.62200000009,0.013201171403539895,2.0
938,2017-08-22 18:15:00,sell,1.0,1284.96,1289.33,1271.8500000000004,2017-08-23 15:15:00,1289.33,6.527,-473.5269999999891,318833.8629999997,0.0,4745.149000000092,0.014664575958344589,2.0
939,2017-08-22 21:45:00,sell,1.0,1285.28,1289.33,1273.13,2017-08-23 15:15:00,1289.33,6.527,-441.52699999999544,318392.3359999997,0.0,5186.676000000094,0.01602908658365054,2.0
940,2017-08-24 10:00:00,buy,1.0,1289.8,1287.49,1296.7299999999998,2017-08-24 10:45:00,1287.49,-0.0,-260.99999999999454,318131.3359999997,0.0,5447.676000000094,0.01683569019612464,2.0
941,2017-08-24 10:45:00,sell,1.0,1288.15,1289.81,1283.1700000000005,2017-08-24 17:45:00,1289.81,0.0,-195.99999999998545,317935.3359999997,0.0,5643.676000000094,0.017441415514304424,2.0
942,2017-08-24 17:45:00,buy,1.0,1288.73,1284.96,1300.04,2017-08-24 18:30:00,1284.96,-0.0,-406.9999999999982,317528.3359999997,0.0,6050.676000000094,0.018699222680116527,2.0
943,2017-08-25 08:00:00,buy,1.0,1286.73,1285.56,1290.2400000000002,2017-08-25 16:00:00,1285.56,-0.0,-147.00000000000728,317381.3359999997,0.0,6197.676000000094,0.019153516668751366,2.0
944,2017-08-24 05:15:00,sell,1.0,1288.7,1290.88,1282.1599999999999,2017-08-25 17:15:00,1290.88,6.527,-254.52700000000635,317126.8089999997,1.0,6452.203000000096,0.019940115893549052,2.0
945,2017-08-24 21:15:00,sell,1.0,1286.61,1289.1,1279.1399999999999,2017-08-25 17:15:00,1289.1,6.527,-285.5270000000009,316841.2819999997,0.0,6737.730000000098,0.020822518612548645,2.0
946,2017-08-25 16:30:00,sell,1.0,1285.54,1287.9,1278.4599999999996,2017-08-25 17:15:00,1287.9,0.0,-266.00000000001273,316575.2819999997,0.0,7003.730000000098,0.021644574401506925,2.0
947,2017-08-25 17:30:00,buy,1.0,1291.41,1285.54,1309.0200000000004,2017-08-25 18:00:00,1285.54,-0.0,-617.0000000000118,315958.2819999997,0.0,7620.730000000098,0.023551372979654508,2.0
948,2017-08-23 07:30:00,buy,1.0,1285.6,1283.0,1293.3999999999996,2017-08-25 19:00:00,1293.3999999999996,-48.36,798.3599999999727,316756.6419999997,2.0,6822.370000000112,0.021084093056072856,2.0
949,2017-09-04 19:30:00,buy,1.0,1335.08,1333.52,1339.7599999999998,2017-09-04 20:30:00,1333.52,-0.0,-185.99999999999454,316570.6419999997,0.0,7008.370000000112,0.021658914021284285,12.0
950,2017-09-04 20:15:00,sell,1.0,1334.46,1335.52,1331.2800000000002,2017-09-05 05:30:00,1335.52,6.527,-142.52699999999453,316428.1149999997,0.0,7150.897000000114,0.022099384492836383,12.0
951,2017-09-04 16:15:00,sell,1.0,1333.92,1338.29,1320.8100000000004,2017-09-05 06:15:00,1338.29,6.527,-473.5269999999891,315954.5879999997,0.0,7624.4240000001155,0.023562789047641076,12.0
952,2017-09-05 06:15:00,buy,1.0,1336.91,1332.68,1349.6000000000001,2017-09-05 11:45:00,1332.68,-0.0,-453.0000000000018,315501.5879999997,0.0,8077.4240000001155,0.024962756237107617,12.0
953,2017-09-05 11:45:00,sell,1.0,1333.33,1337.4,1321.1199999999994,2017-09-05 18:45:00,1337.4,0.0,-437.00000000001637,315064.5879999997,0.0,8514.424000000115,0.026313276461824787,12.0
954,2017-09-06 13:30:00,buy,1.0,1339.39,1337.35,1345.5100000000007,2017-09-06 17:45:00,1337.35,-0.0,-234.0000000000191,314830.5879999997,0.0,8748.424000000115,0.027036438321284325,12.0
955,2017-09-06 18:15:00,sell,1.0,1337.59,1340.28,1329.5199999999998,2017-09-06 19:00:00,1340.28,0.0,-299.00000000000546,314531.5879999997,0.0,9047.424000000115,0.02796047847503818,12.0
956,2017-09-06 19:15:00,buy,1.0,1340.67,1337.54,1350.0600000000004,2017-09-06 20:30:00,1337.54,-0.0,-343.0000000000109,314188.5879999997,0.0,9390.424000000115,0.0290204977818528,12.0
957,2017-09-06 06:45:00,sell,1.0,1339.0,1341.84,1330.4800000000002,2017-09-07 16:30:00,1341.84,19.581,-333.58099999999183,313855.0069999997,1.0,9724.005000000121,0.030051408278606546,12.0
958,2017-09-06 20:45:00,sell,1.0,1337.36,1340.67,1327.4299999999994,2017-09-07 16:30:00,1340.67,19.581,-380.5810000000173,313474.4259999997,0.0,10104.586000000127,0.031227569234311563,12.0
959,2017-09-07 07:45:00,buy,1.0,1334.74,1332.76,1340.68,2017-09-07 16:30:00,1340.68,-0.0,564.0000000000055,314038.4259999997,0.0,9540.586000000127,0.029484563726896267,12.0
960,2017-09-05 18:15:00,buy,1.0,1334.92,1328.66,1353.7,2017-09-08 07:45:00,1353.7,-60.45,1908.4499999999973,315946.8759999997,2.0,7632.136000000115,0.02358662248465027,12.0
961,2017-09-08 16:30:00,sell,1.0,1350.43,1355.04,1336.6000000000004,2017-09-11 02:00:00,1336.6000000000004,6.527,1346.47299999997,317293.3489999997,2.0,6285.663000000117,0.01942543479921411,14.0
962,2017-09-11 14:15:00,buy,1.0,1337.93,1334.32,1348.7600000000004,2017-09-11 16:15:00,1334.32,-0.0,-391.00000000001273,316902.3489999997,0.0,6676.663000000117,0.020633795000276844,14.0
963,2017-09-11 15:15:00,sell,1.0,1336.3,1338.35,1330.15,2017-09-11 21:45:00,1330.15,0.0,584.9999999999864,317487.3489999997,0.0,6091.663000000117,0.018825890351628,14.0
964,2017-09-12 12:00:00,buy,1.0,1326.96,1323.62,1336.9800000000005,2017-09-13 18:15:00,1323.62,-12.09,-351.9100000000146,317135.43899999966,1.0,6443.5730000001495,0.019913445436937526,15.0
965,2017-09-14 11:45:00,buy,1.0,1323.89,1319.34,1337.5400000000006,2017-09-14 15:45:00,1319.34,-0.0,-485.0000000000182,316650.43899999966,0.0,6928.5730000001495,0.02141230655590281,15.0
966,2017-09-14 16:00:00,sell,1.0,1320.1,1325.38,1304.2599999999993,2017-09-14 16:30:00,1325.38,0.0,-558.00000000002,316092.43899999966,0.0,7486.5730000001495,0.02313676945153709,15.0
967,2017-09-14 17:30:00,sell,1.0,1322.27,1325.38,1312.9399999999996,2017-09-14 17:45:00,1325.38,0.0,-341.00000000001273,315751.43899999966,0.0,7827.5730000001495,0.02419060788775804,15.0
968,2017-09-14 17:00:00,buy,1.0,1324.65,1320.1,1338.3000000000006,2017-09-15 19:00:00,1320.1,-12.09,-472.9100000000182,315278.52899999963,1.0,8300.483000000182,0.02565210564398468,16.0
969,2017-09-14 17:45:00,buy,1.0,1324.0,1320.1,1335.7000000000003,2017-09-15 19:00:00,1320.1,-12.09,-407.9100000000091,314870.6189999996,1.0,8708.393000000215,0.026912725105917006,16.0
970,2017-09-15 08:45:00,sell,1.0,1329.4,1333.89,1315.93,2017-09-18 03:30:00,1315.93,6.527,1310.4730000000027,316181.0919999996,2.0,7397.9200000002165,0.022862793091166927,18.0
971,2017-09-13 18:00:00,sell,1.0,1327.28,1334.42,1305.8599999999997,2017-09-18 21:45:00,1305.8599999999997,32.635,2079.36500000003,318260.45699999965,5.0,5318.555000000168,0.016436650100162153,18.0
972,2017-09-19 06:00:00,sell,1.0,1306.84,1309.17,1299.8499999999995,2017-09-19 07:00:00,1309.17,0.0,-263.00000000001546,317997.45699999965,0.0,5581.555000000168,0.017249434583229924,18.0
973,2017-09-19 08:00:00,buy,1.0,1308.71,1306.43,1315.55,2017-09-19 09:15:00,1306.43,-0.0,-257.99999999999727,317739.45699999965,0.0,5839.555000000168,0.018046766889813517,18.0
974,2017-09-19 08:30:00,sell,1.0,1307.9,1309.32,1303.6400000000006,2017-09-19 11:45:00,1309.32,0.0,-171.99999999998454,317567.45699999965,0.0,6011.555000000168,0.018578321760869248,18.0
975,2017-09-19 15:45:00,buy,1.0,1308.27,1306.94,1312.2599999999998,2017-09-19 16:30:00,1306.94,-0.0,-162.99999999999272,317404.45699999965,0.0,6174.555000000168,0.019082062714253455,18.0
976,2017-09-19 15:30:00,sell,1.0,1307.28,1309.33,1301.13,2017-09-19 17:15:00,1309.33,0.0,-234.99999999999545,317169.45699999965,0.0,6409.555000000168,0.019808315009009828,18.0
977,2017-09-19 16:00:00,sell,1.0,1307.59,1309.33,1302.37,2017-09-19 17:15:00,1309.33,0.0,-204.0000000000009,316965.45699999965,0.0,6613.555000000168,0.020438763809564296,18.0
978,2017-09-19 12:00:00,buy,1.0,1309.3,1306.43,1317.9099999999996,2017-09-19 20:30:00,1306.43,-0.0,-316.9999999999891,316648.45699999965,0.0,6930.555000000168,0.02141843179866119,18.0
979,2017-09-19 17:15:00,buy,1.0,1308.68,1307.16,1313.24,2017-09-19 20:30:00,1307.16,-0.0,-181.99999999999818,316466.45699999965,0.0,7112.555000000168,0.021980891022685276,18.0
980,2017-09-19 04:30:00,buy,1.0,1309.07,1305.14,1320.8599999999994,2017-09-19 20:45:00,1305.14,-0.0,-422.99999999998363,316043.45699999965,0.0,7535.555000000168,0.023288145153246752,18.0
981,2017-09-19 20:45:00,sell,1.0,1305.68,1310.32,1291.7600000000004,2017-09-19 23:15:00,1310.32,0.0,-493.99999999998727,315549.45699999965,0.0,8029.555000000168,0.02481482018988355,18.0
982,2017-09-20 22:00:00,buy,1.0,1313.12,1311.22,1318.8199999999995,2017-09-20 22:00:00,1311.22,-0.0,-219.99999999998636,315329.45699999965,0.0,8249.555000000168,0.025494715955187392,18.0
983,2017-09-19 22:45:00,buy,1.0,1309.66,1305.68,1321.6000000000001,2017-09-25 02:00:00,1305.68,-72.53999999999999,-355.46000000000186,314973.9969999996,5.0,8605.015000000189,0.02659324208580065,22.0
984,2017-09-20 17:00:00,sell,1.0,1311.22,1315.63,1297.9899999999998,2017-09-25 02:00:00,1297.9899999999998,32.635,1260.3650000000246,316234.3619999997,4.0,7344.65000000014,0.022698165602904257,22.0
985,2017-09-25 14:15:00,buy,1.0,1296.05,1291.23,1310.5099999999998,2017-09-25 16:15:00,1291.23,-0.0,-511.99999999999363,315722.3619999997,0.0,7856.65000000014,0.0242804684748841,22.0
986,2017-09-25 16:30:00,sell,1.0,1291.31,1296.05,1277.09,2017-09-25 18:45:00,1296.05,0.0,-504.0000000000009,315218.3619999997,0.0,8360.65000000014,0.02583804786448926,22.0
987,2017-09-25 19:00:00,buy,1.0,1298.26,1291.3,1319.14,2017-10-02 02:00:00,1291.3,-84.63,-641.3700000000036,314576.9919999997,6.0,9002.020000000135,0.027820160350820716,28.0
988,2017-09-26 11:30:00,sell,1.0,1308.41,1313.05,1294.4900000000005,2017-10-02 02:00:00,1294.4900000000005,39.162,1322.8379999999618,315899.82999999967,5.0,7679.182000000146,0.023732015103625295,28.0
989,2017-10-02 20:00:00,buy,1.0,1274.84,1272.5,1281.8599999999997,2017-10-02 23:15:00,1272.5,-0.0,-263.9999999999918,315635.82999999967,0.0,7943.182000000146,0.024547890021989902,28.0
990,2017-10-02 17:30:00,buy,1.0,1275.58,1271.59,1287.55,2017-10-02 23:45:00,1271.59,-0.0,-429.0000000000009,315206.82999999967,0.0,8372.182000000146,0.02587368676433239,28.0
991,2017-10-03 13:15:00,sell,1.0,1269.62,1272.0,1262.4799999999996,2017-10-03 17:45:00,1272.0,0.0,-268.0000000000109,314938.82999999967,0.0,8640.182000000146,0.026701923423884336,28.0
992,2017-10-03 16:45:00,sell,1.0,1269.34,1272.0,1261.3599999999997,2017-10-03 17:45:00,1272.0,0.0,-296.0000000000082,314642.82999999967,0.0,8936.182000000146,0.027616692271747685,28.0
993,2017-10-03 23:30:00,sell,1.0,1271.72,1274.16,1264.3999999999999,2017-10-04 04:15:00,1274.16,6.527,-280.52700000000544,314362.30299999967,0.0,9216.709000000148,0.0284836428142631,28.0
994,2017-10-02 19:45:00,sell,1.0,1274.03,1276.42,1266.8599999999997,2017-10-04 09:30:00,1276.42,13.054,-282.05400000001,314080.24899999966,1.0,9498.763000000152,0.029355312451476788,28.0
995,2017-10-02 21:30:00,sell,1.0,1273.18,1276.42,1263.46,2017-10-04 09:30:00,1276.42,13.054,-367.0540000000009,313713.19499999966,1.0,9865.817000000156,0.030489669088921506,28.0
996,2017-10-03 17:30:00,buy,1.0,1271.16,1269.34,1276.6200000000006,2017-10-04 09:45:00,1276.6200000000006,-12.09,528.0900000000491,314241.2849999997,0.0,9337.72700000013,0.0288576411130155,28.0
997,2017-10-03 12:45:00,buy,1.0,1270.97,1268.86,1277.3000000000004,2017-10-04 10:00:00,1277.3000000000004,-12.09,615.0900000000382,314856.3749999997,0.0,8722.637000000104,0.02695674526628479,28.0
998,2017-10-03 14:00:00,buy,1.0,1270.89,1268.86,1276.9800000000007,2017-10-04 10:00:00,1276.9800000000007,-12.09,591.0900000000601,315447.4649999998,0.0,8131.5470000000205,0.02513001986667796,28.0
999,2017-10-04 03:45:00,buy,1.0,1272.4,1270.67,1277.5900000000001,2017-10-04 10:00:00,1277.5900000000001,-0.0,489.00000000000546,315936.4649999998,0.0,7642.5470000000205,0.023618797006525333,28.0
1000,2017-10-05 09:15:00,buy,1.0,1275.16,1273.33,1280.6500000000005,2017-10-05 10:15:00,1273.33,-0.0,-213.00000000001546,315723.4649999998,0.0,7855.5470000000205,0.02427705972475132,29.0
1001,2017-10-05 10:30:00,sell,1.0,1273.3,1275.2,1267.5999999999997,2017-10-05 17:15:00,1275.2,0.0,-220.0000000000091,315503.4649999998,0.0,8075.5470000000205,0.024956955490055163,29.0
1002,2017-10-05 18:15:00,buy,1.0,1275.66,1273.3,1282.7400000000005,2017-10-05 18:30:00,1273.3,-0.0,-266.00000000001273,315237.4649999998,0.0,8341.54700000002,0.025779011279013442,29.0
1003,2017-10-05 19:00:00,sell,1.0,1273.9,1275.67,1268.5900000000001,2017-10-05 23:00:00,1268.5900000000001,0.0,500.99999999999454,315738.4649999998,0.0,7840.5470000000205,0.024230703195298787,29.0
1004,2017-10-06 14:00:00,buy,1.0,1268.77,1267.3,1273.18,2017-10-06 16:30:00,1267.3,-0.0,-177.00000000000273,315561.4649999998,0.0,8017.5470000000205,0.024777710242838695,29.0
1005,2017-10-06 16:45:00,sell,1.0,1265.84,1269.86,1253.78,2017-10-06 18:45:00,1269.86,0.0,-431.9999999999982,315129.4649999998,0.0,8449.54700000002,0.026112778291071687,29.0
1006,2017-10-04 18:15:00,sell,1.0,1274.81,1280.99,1256.2699999999998,2017-10-09 06:00:00,1280.99,32.635,-680.6350000000064,314448.8299999998,4.0,9130.18200000003,0.02821623671933344,31.0
1007,2017-10-09 17:15:00,sell,1.0,1279.97,1283.15,1270.4299999999998,2017-10-09 21:15:00,1283.15,0.0,-348.00000000000637,314100.8299999998,0.0,9478.18200000003,0.029291708202632237,31.0
1008,2017-10-09 21:15:00,buy,1.0,1282.0,1279.96,1288.12,2017-10-10 10:15:00,1288.12,-12.09,594.0899999999891,314694.91999999975,0.0,8884.092000000062,0.027455711497135257,31.0
1009,2017-10-11 04:30:00,buy,1.0,1290.35,1288.2,1296.7999999999995,2017-10-11 05:30:00,1288.2,-0.0,-244.99999999998636,314449.91999999975,0.0,9129.092000000062,0.028212868144859987,31.0
1010,2017-10-11 06:00:00,sell,1.0,1288.63,1290.94,1281.7000000000003,2017-10-11 16:45:00,1290.94,0.0,-260.99999999999454,314188.91999999975,0.0,9390.092000000062,0.029019471757334086,31.0
1011,2017-10-11 12:00:00,buy,1.0,1289.2,1286.81,1296.3700000000003,2017-10-11 19:30:00,1286.81,-0.0,-269.00000000001,313919.91999999975,0.0,9659.092000000062,0.029850798852182874,31.0
1012,2017-10-11 19:00:00,sell,1.0,1288.4,1290.98,1280.6600000000003,2017-10-11 23:00:00,1290.98,0.0,-287.9999999999927,313631.91999999975,0.0,9947.092000000062,0.030740844217671533,31.0
1013,2017-10-10 22:30:00,sell,1.0,1289.83,1293.99,1277.3499999999997,2017-10-12 04:15:00,1293.99,26.108,-472.1080000000082,313159.81199999974,1.0,10419.20000000007,0.03219986344479003,31.0
1014,2017-10-12 23:45:00,sell,1.0,1292.56,1294.52,1286.6799999999998,2017-10-13 04:30:00,1294.52,6.527,-232.52700000000362,312927.28499999974,0.0,10651.727000000072,0.032918473093057336,32.0
1015,2017-10-12 16:45:00,sell,1.0,1292.72,1296.89,1280.2099999999998,2017-10-13 10:15:00,1296.89,6.527,-453.52700000000726,312473.75799999974,0.0,11105.254000000074,0.03432006894192532,32.0
1016,2017-10-13 02:30:00,buy,1.0,1293.76,1292.14,1298.6199999999997,2017-10-13 15:30:00,1292.14,-0.0,-191.9999999999891,312281.75799999974,0.0,11297.254000000074,0.03491343251891776,32.0
1017,2017-10-13 13:00:00,sell,1.0,1294.36,1297.67,1284.4299999999994,2017-10-13 16:30:00,1297.67,0.0,-361.0000000000173,311920.75799999974,0.0,11658.254000000074,0.03602907966107542,32.0
1018,2017-10-06 19:30:00,buy,1.0,1271.8,1260.84,1304.68,2017-10-16 10:45:00,1304.68,-96.72,3354.7200000000107,315275.47799999977,9.0,8303.534000000043,0.025661534562074897,34.0
1019,2017-10-12 22:15:00,buy,1.0,1294.34,1290.6,1305.56,2017-10-16 11:15:00,1305.56,-24.18,1116.1800000000028,316391.65799999976,3.0,7187.35400000005,0.022212052492452925,34.0
1020,2017-10-16 19:00:00,sell,1.0,1303.63,1305.8,1297.1200000000006,2017-10-16 22:30:00,1297.1200000000006,0.0,620.9999999999536,317012.6579999997,0.0,6566.3540000001085,0.020292892173118176,34.0
1021,2017-10-13 17:00:00,buy,1.0,1300.28,1290.82,1328.66,2017-10-16 23:00:00,1290.82,-12.09,-963.9100000000036,316048.7479999997,3.0,7530.264000000141,0.02327179366009111,34.0
1022,2017-10-11 23:15:00,buy,1.0,1291.14,1284.69,1310.4900000000002,2017-10-17 16:45:00,1284.69,-72.53999999999999,-602.4600000000046,315446.28799999965,5.0,8132.724000000162,0.02513365730902277,34.0
1023,2017-10-18 04:30:00,buy,1.0,1286.58,1284.21,1293.6899999999996,2017-10-18 09:00:00,1284.21,-0.0,-266.9999999999891,315179.28799999965,0.0,8399.724000000162,0.025958803533277883,34.0
1024,2017-10-18 09:15:00,sell,1.0,1285.32,1287.98,1277.3399999999997,2017-10-18 16:00:00,1277.3399999999997,0.0,768.0000000000246,315947.28799999965,0.0,7631.724000000162,0.023585349225308118,34.0
1025,2017-10-19 05:15:00,buy,1.0,1281.59,1280.0,1286.3599999999997,2017-10-19 05:15:00,1280.0,-0.0,-188.99999999999181,315758.28799999965,0.0,7820.724000000162,0.024169441496410052,34.0
1026,2017-10-18 20:45:00,buy,1.0,1281.89,1277.35,1295.5100000000007,2017-10-19 06:00:00,1277.35,-36.269999999999996,-447.7300000000191,315310.5579999996,0.0,8268.454000000202,0.025553122091862394,34.0
1027,2017-10-19 00:00:00,sell,1.0,1280.65,1281.89,1276.93,2017-10-19 06:00:00,1276.93,0.0,342.00000000000273,315652.5579999996,0.0,7926.454000000202,0.024496193220344607,34.0
1028,2017-10-19 05:30:00,sell,1.0,1279.72,1281.72,1273.72,2017-10-19 11:15:00,1281.72,0.0,-230.0,315422.5579999996,0.0,8156.454000000202,0.0252069933386168,34.0
1029,2017-10-20 17:45:00,sell,1.0,1281.97,1283.9,1276.1799999999998,2017-10-20 18:30:00,1283.9,0.0,-223.00000000000637,315199.5579999996,0.0,8379.454000000202,0.025896160409811148,35.0
1030,2017-10-20 16:30:00,buy,1.0,1283.76,1280.01,1295.01,2017-10-20 19:30:00,1280.01,-0.0,-405.0,314794.5579999996,0.0,8784.454000000202,0.02714778670502958,35.0
1031,2017-10-20 18:45:00,buy,1.0,1283.47,1280.01,1293.8500000000001,2017-10-20 19:30:00,1280.01,-0.0,-376.00000000000364,314418.5579999996,0.0,9160.454000000202,0.028309790376639776,35.0
1032,2017-10-19 11:15:00,buy,1.0,1280.89,1276.99,1292.5900000000004,2017-10-23 02:00:00,1276.99,-24.18,-395.8200000000091,314022.7379999996,3.0,9556.274000000209,0.02953304647583328,37.0
1033,2017-10-20 19:15:00,sell,1.0,1282.23,1283.9,1277.2199999999998,2017-10-23 02:00:00,1277.2199999999998,6.527,464.47300000002184,314487.2109999996,2.0,9091.80100000021,0.028097622722206148,37.0
1034,2017-10-24 11:30:00,sell,1.0,1281.23,1282.86,1276.3400000000004,2017-10-24 16:45:00,1276.3400000000004,0.0,458.99999999996453,314946.21099999954,0.0,8632.801000000269,0.026679112920958772,38.0
1035,2017-10-25 03:30:00,buy,1.0,1277.11,1275.48,1281.9999999999995,2017-10-25 04:45:00,1275.48,-0.0,-192.99999999998818,314753.21099999954,0.0,8825.801000000269,0.02727556693324805,38.0
1036,2017-10-25 00:00:00,buy,1.0,1280.0,1274.2,1297.3999999999999,2017-10-25 07:00:00,1274.2,-0.0,-609.9999999999955,314143.21099999954,0.0,9435.801000000269,0.029160732464317784,38.0
1037,2017-10-23 20:00:00,buy,1.0,1278.71,1272.81,1296.4100000000003,2017-10-25 08:30:00,1272.81,-24.18,-595.8200000000091,313547.39099999954,1.0,10031.621000000276,0.031002075622878413,38.0
1038,2017-10-25 03:00:00,sell,1.0,1276.51,1280.06,1265.8600000000001,2017-10-26 06:15:00,1280.06,19.581,-404.58099999999547,313142.80999999953,1.0,10436.202000000281,0.03225240702570749,38.0
1039,2017-10-25 04:00:00,sell,1.0,1276.45,1280.06,1265.6200000000003,2017-10-26 06:15:00,1280.06,19.581,-410.58099999999,312732.2289999995,1.0,10846.783000000287,0.033521281040317576,38.0
1040,2017-10-25 18:15:00,buy,1.0,1277.77,1271.2,1297.4799999999998,2017-10-26 21:30:00,1271.2,-36.269999999999996,-650.7299999999937,312081.49899999955,1.0,11497.513000000268,0.03553232000102737,38.0
1041,2017-10-20 06:00:00,sell,1.0,1284.42,1290.5,1266.1800000000003,2017-10-27 00:45:00,1266.1800000000003,45.689,1748.310999999978,313829.80999999953,6.0,9749.202000000281,0.03012927797678141,38.0
1042,2017-10-27 14:45:00,buy,1.0,1267.32,1264.9,1274.5799999999995,2017-10-27 17:30:00,1264.9,-0.0,-271.99999999998454,313557.80999999953,0.0,10021.202000000281,0.0309698763775207,38.0
1043,2017-10-27 16:45:00,sell,1.0,1266.13,1267.98,1260.5800000000004,2017-10-27 18:30:00,1267.98,0.0,-214.9999999999909,313342.80999999953,0.0,10236.202000000281,0.03163431996634036,38.0
1044,2017-10-30 07:15:00,sell,1.0,1271.52,1273.43,1265.7899999999997,2017-10-30 18:15:00,1273.43,0.0,-221.00000000000819,313121.80999999953,0.0,10457.202000000281,0.032317306166941034,40.0
1045,2017-10-30 15:15:00,buy,1.0,1271.52,1269.22,1278.4199999999998,2017-10-30 21:30:00,1278.4199999999998,-0.0,659.9999999999864,313781.80999999953,0.0,9797.202000000281,0.03027761887102952,40.0
1046,2017-10-31 08:15:00,sell,1.0,1274.98,1276.99,1268.95,2017-10-31 11:15:00,1276.99,0.0,-230.9999999999991,313550.80999999953,0.0,10028.202000000281,0.030991509424598548,40.0
1047,2017-10-31 10:45:00,buy,1.0,1276.58,1274.98,1281.3799999999997,2017-10-31 14:30:00,1274.98,-0.0,-189.9999999999909,313360.80999999953,0.0,10218.202000000281,0.03157869213099732,40.0
1048,2017-10-31 14:45:00,sell,1.0,1274.85,1277.28,1267.5599999999997,2017-10-31 19:00:00,1267.5599999999997,0.0,699.0000000000191,314059.80999999953,0.0,9519.202000000281,0.029418477858509214,40.0
1049,2017-11-01 18:45:00,sell,1.0,1272.7,1279.49,1252.3300000000002,2017-11-01 19:15:00,1279.49,0.0,-708.9999999999964,313350.80999999953,0.0,10228.202000000281,0.03160959648396568,41.0
1050,2017-11-01 23:15:00,sell,1.0,1274.83,1278.2,1264.7199999999996,2017-11-02 06:00:00,1278.2,19.581,-386.58100000001184,312964.2289999995,0.0,10614.783000000287,0.032804300051451706,41.0
1051,2017-11-02 05:30:00,buy,1.0,1277.07,1274.01,1286.2499999999998,2017-11-02 16:45:00,1274.01,-0.0,-335.99999999999454,312628.2289999995,0.0,10950.783000000287,0.03384268631118848,41.0
1052,2017-11-03 09:30:00,buy,1.0,1277.6,1276.44,1281.0799999999995,2017-11-03 09:30:00,1276.44,-0.0,-145.99999999998545,312482.2289999995,0.0,11096.783000000287,0.034293889864526486,41.0
1053,2017-11-02 19:15:00,buy,1.0,1278.36,1274.62,1289.58,2017-11-03 11:00:00,1274.62,-12.09,-391.91000000000093,312090.31899999955,0.0,11488.693000000261,0.03550506236170926,41.0
1054,2017-11-02 21:30:00,buy,1.0,1277.28,1274.62,1285.2600000000002,2017-11-03 11:00:00,1274.62,-12.09,-283.9100000000082,311806.4089999995,0.0,11772.603000000294,0.03638246784683396,41.0
1055,2017-11-02 23:00:00,buy,1.0,1277.38,1274.62,1285.6600000000008,2017-11-03 11:00:00,1274.62,-12.09,-293.91000000002185,311512.4989999995,0.0,12066.513000000326,0.03729077768492702,41.0
1056,2017-11-03 03:00:00,buy,1.0,1277.36,1275.31,1283.5099999999998,2017-11-03 11:00:00,1275.31,-0.0,-234.99999999999545,311277.4989999995,0.0,12301.513000000326,0.0380170299796834,41.0
1057,2017-11-02 21:00:00,sell,1.0,1276.31,1278.87,1268.63,2017-11-03 16:30:00,1278.87,6.527,-292.52699999999453,310984.9719999995,0.0,12594.040000000328,0.03892106574576084,41.0
1058,2017-11-02 22:30:00,sell,1.0,1276.17,1278.87,1268.0700000000006,2017-11-03 16:30:00,1278.87,6.527,-306.5269999999818,310678.4449999995,0.0,12900.56700000033,0.03986836760599398,41.0
1059,2017-11-02 23:15:00,sell,1.0,1275.9,1278.87,1266.9900000000007,2017-11-03 16:30:00,1278.87,6.527,-333.52699999998,310344.9179999995,0.0,13234.094000000332,0.04089911121924168,41.0
1060,2017-11-03 07:15:00,sell,1.0,1276.77,1278.51,1271.55,2017-11-03 16:30:00,1278.51,0.0,-204.0000000000009,310140.9179999995,0.0,13438.094000000332,0.04152956001979615,41.0
1061,2017-11-03 09:45:00,sell,1.0,1276.7,1278.51,1271.2700000000002,2017-11-03 16:30:00,1278.51,0.0,-210.99999999999454,309929.9179999995,0.0,13649.094000000332,0.042181641867428475,41.0
1062,2017-11-01 19:30:00,buy,1.0,1278.11,1272.7,1294.3399999999995,2017-11-03 18:30:00,1272.7,-48.36,-522.6399999999854,309407.27799999947,1.0,14171.734000000346,0.04379682697096669,41.0
1063,2017-11-03 17:15:00,buy,1.0,1277.78,1273.66,1290.1399999999996,2017-11-03 18:30:00,1273.66,-0.0,-441.9999999999891,308965.27799999947,0.0,14613.734000000346,0.045162799372168036,41.0
1064,2017-11-01 11:00:00,buy,1.0,1272.18,1268.11,1284.3900000000006,2017-11-03 18:45:00,1268.11,-48.36,-388.64000000001636,308576.63799999945,2.0,15002.37400000036,0.046363866145930285,41.0
1065,2017-11-06 11:00:00,sell,1.0,1268.59,1270.02,1264.2999999999997,2017-11-06 12:45:00,1270.02,0.0,-173.00000000000637,308403.63799999945,0.0,15175.37400000036,0.04689851145228285,43.0
1066,2017-11-03 18:45:00,sell,1.0,1270.55,1277.79,1248.83,2017-11-06 20:30:00,1277.79,6.527,-760.527000000001,307643.11099999945,3.0,15935.901000000362,0.049248870937279365,43.0
1067,2017-11-06 08:45:00,buy,1.0,1269.84,1267.16,1277.8799999999994,2017-11-06 20:30:00,1277.8799999999994,-0.0,773.9999999999509,308417.1109999994,0.0,15161.90100000042,0.04685687401752876,43.0
1068,2017-11-06 13:00:00,buy,1.0,1270.83,1267.87,1279.71,2017-11-06 20:45:00,1279.71,-0.0,858.0000000000109,309275.1109999994,0.0,14303.90100000042,0.044205280532843796,43.0
1069,2017-10-26 13:00:00,sell,1.0,1276.88,1281.69,1262.4500000000003,2017-11-06 21:00:00,1281.69,58.743,-569.7429999999946,308705.3679999994,11.0,14873.644000000437,0.04596603441016887,43.0
1070,2017-11-02 12:45:00,sell,1.0,1276.27,1280.92,1262.3199999999997,2017-11-06 21:00:00,1280.92,13.054,-508.05400000000907,308197.3139999994,4.0,15381.69800000044,0.04753614242446741,43.0
1071,2017-11-07 07:00:00,buy,1.0,1279.75,1278.74,1282.78,2017-11-07 08:30:00,1278.74,-0.0,-130.9999999999991,308066.3139999994,0.0,15512.69800000044,0.04794098944835288,43.0
1072,2017-11-07 18:30:00,buy,1.0,1279.31,1275.71,1290.1099999999997,2017-11-07 18:45:00,1275.71,-0.0,-389.9999999999909,307676.3139999994,0.0,15902.69800000044,0.049146259214118776,43.0
1073,2017-11-07 06:45:00,sell,1.0,1279.09,1281.49,1271.8899999999996,2017-11-07 19:15:00,1271.8899999999996,0.0,690.0000000000273,308366.3139999994,0.0,15212.69800000044,0.04701385885930219,43.0
1074,2017-11-08 03:00:00,sell,1.0,1276.07,1276.86,1273.7,2017-11-08 03:00:00,1276.86,0.0,-108.99999999999636,308257.3139999994,0.0,15321.69800000044,0.04735071630665727,43.0
1075,2017-11-07 19:15:00,sell,1.0,1275.46,1279.32,1263.8800000000003,2017-11-08 12:15:00,1279.32,6.527,-422.52699999999,307834.78699999937,0.0,15744.225000000442,0.048656508661323344,43.0
1076,2017-11-07 08:45:00,sell,1.0,1278.73,1281.49,1270.45,2017-11-08 14:30:00,1281.49,6.527,-312.5269999999991,307522.25999999937,1.0,16056.752000000444,0.0496223531333375,43.0
1077,2017-11-08 01:00:00,buy,1.0,1276.13,1273.69,1283.4500000000003,2017-11-08 18:15:00,1283.4500000000003,-0.0,702.0000000000164,308224.25999999937,0.0,15354.752000000444,0.04745286755495889,43.0
1078,2017-11-08 03:15:00,buy,1.0,1276.7,1273.69,1285.73,2017-11-08 20:15:00,1285.73,-0.0,872.9999999999973,309097.25999999937,0.0,14481.752000000444,0.044754917540821386,43.0
1079,2017-11-09 00:15:00,sell,1.0,1282.12,1286.57,1268.7699999999998,2017-11-09 15:15:00,1286.57,0.0,-475.00000000000455,308622.25999999937,0.0,14956.752000000444,0.04622287430681831,43.0
1080,2017-11-09 19:30:00,sell,1.0,1282.95,1287.44,1269.48,2017-11-09 21:30:00,1287.44,0.0,-479.0000000000009,308143.25999999937,0.0,15435.752000000444,0.04770319281400257,43.0
1081,2017-11-10 17:30:00,sell,1.0,1283.91,1285.26,1279.8600000000004,2017-11-10 18:30:00,1285.26,0.0,-164.9999999999909,307978.25999999937,0.0,15600.752000000444,0.048213114637980455,43.0
1082,2017-11-09 09:00:00,buy,1.0,1283.09,1280.26,1291.5799999999997,2017-11-10 20:00:00,1280.26,-12.09,-300.90999999999275,307677.3499999994,1.0,15901.662000000419,0.049143057523151186,43.0
1083,2017-11-09 21:15:00,buy,1.0,1286.66,1282.17,1300.13,2017-11-10 20:00:00,1282.17,-12.09,-466.91000000000093,307210.4399999994,0.0,16368.572000000393,0.05058601266759663,43.0
1084,2017-11-10 07:00:00,sell,1.0,1285.26,1287.69,1277.9699999999998,2017-11-10 20:00:00,1277.9699999999998,0.0,699.0000000000191,307909.4399999994,0.0,15669.572000000393,0.04842579839510852,43.0
1085,2017-11-10 17:15:00,buy,1.0,1285.26,1283.36,1290.9600000000003,2017-11-10 20:00:00,1283.36,-0.0,-220.0000000000091,307689.4399999994,0.0,15889.572000000393,0.04910569416041236,43.0
1086,2017-11-10 19:30:00,buy,1.0,1284.66,1283.4,1288.44,2017-11-10 20:00:00,1283.4,-0.0,-155.9999999999991,307533.4399999994,0.0,16045.572000000393,0.04958780206671872,43.0
1087,2017-11-10 20:00:00,sell,1.0,1283.63,1285.26,1278.7400000000005,2017-11-10 20:00:00,1278.7400000000005,0.0,458.99999999996453,307992.43999999936,0.0,15586.572000000451,0.04816929226547135,43.0
1088,2017-11-13 10:00:00,buy,1.0,1276.93,1274.97,1282.8100000000002,2017-11-14 12:00:00,1274.97,-12.09,-213.91000000000363,307778.52999999933,1.0,15800.482000000484,0.04883036727981756,46.0
1089,2017-11-14 01:15:00,sell,1.0,1277.6,1279.1,1273.1,2017-11-14 12:00:00,1273.1,0.0,420.0,308198.52999999933,0.0,15380.482000000484,0.04753238445514659,46.0
1090,2017-11-15 10:15:00,sell,1.0,1280.58,1282.39,1275.1499999999994,2017-11-15 11:00:00,1282.39,0.0,-211.00000000001728,307987.52999999933,0.0,15591.482000000484,0.04818446630277891,46.0
1091,2017-10-27 19:15:00,buy,1.0,1270.79,1264.71,1289.0299999999997,2017-11-15 17:30:00,1289.0299999999997,-205.53,1999.5299999999781,309987.0599999993,18.0,13591.952000000514,0.04200504821369725,46.0
1092,2017-11-15 11:15:00,buy,1.0,1282.52,1280.57,1288.3700000000001,2017-11-15 17:30:00,1288.3700000000001,-0.0,555.0000000000136,310542.0599999993,0.0,13036.952000000514,0.04028985662395348,46.0
1093,2017-11-16 23:15:00,sell,1.0,1277.21,1280.62,1266.9800000000005,2017-11-17 05:00:00,1280.62,6.527,-377.52699999998543,310164.5329999993,0.0,13414.479000000516,0.04145657939026195,47.0
1094,2017-11-16 14:45:00,buy,1.0,1277.87,1275.78,1284.1399999999996,2017-11-17 17:45:00,1284.1399999999996,-12.09,609.0899999999755,310773.62299999926,1.0,12805.389000000549,0.039574226155312434,47.0
1095,2017-11-17 04:15:00,buy,1.0,1279.68,1277.21,1287.0900000000001,2017-11-17 19:45:00,1287.0900000000001,-0.0,711.0000000000082,311484.62299999926,0.0,12094.389000000549,0.0373769266592623,47.0
1096,2017-11-15 19:30:00,sell,1.0,1281.08,1288.74,1258.0999999999997,2017-11-17 20:30:00,1288.74,26.108,-822.1080000000081,310662.51499999926,2.0,12916.497000000556,0.03991759824027327,47.0
1097,2017-11-20 14:15:00,buy,1.0,1291.95,1290.38,1296.6599999999999,2017-11-20 15:45:00,1290.38,-0.0,-186.99999999999363,310475.51499999926,0.0,13103.497000000556,0.04049550964078153,49.0
1098,2017-11-20 14:30:00,sell,1.0,1291.01,1292.04,1287.92,2017-11-20 16:30:00,1292.04,0.0,-132.99999999999727,310342.51499999926,0.0,13236.497000000556,0.040906537535260676,49.0
1099,2017-11-20 17:00:00,buy,1.0,1292.64,1290.38,1299.42,2017-11-20 17:45:00,1290.38,-0.0,-255.9999999999991,310086.51499999926,0.0,13492.497000000556,0.0416976889712506,49.0
1100,2017-11-20 07:00:00,sell,1.0,1291.54,1295.05,1281.01,2017-11-20 20:30:00,1281.01,0.0,1022.9999999999973,311109.51499999926,0.0,12469.497000000556,0.03853617366258774,49.0
1101,2017-11-20 18:00:00,sell,1.0,1289.31,1293.09,1277.97,2017-11-20 21:00:00,1277.97,0.0,1103.9999999999918,312213.51499999926,0.0,11365.497000000556,0.03512433309488121,49.0
1102,2017-11-21 07:00:00,buy,1.0,1279.83,1276.24,1290.5999999999997,2017-11-21 17:45:00,1276.24,-0.0,-388.9999999999918,311824.51499999926,0.0,11754.497000000556,0.03632651242535027,49.0
1103,2017-11-21 15:30:00,sell,1.0,1278.11,1280.61,1270.61,2017-11-21 18:15:00,1280.61,0.0,-280.0,311544.51499999926,0.0,12034.497000000556,0.03719183430846424,49.0
1104,2017-11-22 04:00:00,buy,1.0,1281.79,1279.55,1288.51,2017-11-22 06:45:00,1279.55,-0.0,-254.0000000000009,311290.51499999926,0.0,12288.497000000556,0.037976804873860494,49.0
1105,2017-11-22 06:45:00,sell,1.0,1279.66,1282.11,1272.3100000000006,2017-11-22 10:00:00,1282.11,0.0,-274.9999999999818,311015.51499999926,0.0,12563.497000000556,0.03882667458049029,49.0
1106,2017-11-22 00:30:00,sell,1.0,1280.3,1284.34,1268.18,2017-11-22 11:45:00,1284.34,0.0,-433.99999999999636,310581.51499999926,0.0,12997.497000000556,0.04016792349931696,49.0
1107,2017-11-22 10:00:00,buy,1.0,1281.49,1279.25,1288.21,2017-11-22 18:45:00,1288.21,-0.0,642.0000000000027,311223.51499999926,0.0,12355.497000000556,0.03818386403874848,49.0
1108,2017-11-24 03:30:00,sell,1.0,1290.56,1292.07,1286.03,2017-11-24 05:30:00,1292.07,0.0,-180.9999999999991,311042.51499999926,0.0,12536.497000000556,0.03874323282747573,50.0
1109,2017-11-24 06:00:00,buy,1.0,1291.86,1289.99,1297.4699999999996,2017-11-24 11:15:00,1289.99,-0.0,-216.9999999999891,310825.51499999926,0.0,12753.497000000556,0.039413857286889065,50.0
1110,2017-11-23 15:00:00,buy,1.0,1291.79,1288.1,1302.8600000000001,2017-11-24 15:00:00,1288.1,-12.09,-386.9100000000055,310438.6049999992,1.0,13140.407000000589,0.040609577607587835,50.0
1111,2017-11-24 11:00:00,sell,1.0,1290.64,1292.77,1284.2500000000005,2017-11-27 12:15:00,1292.77,6.527,-249.52699999998816,310189.0779999992,3.0,13389.93400000059,0.04138072465590135,52.0
1112,2017-11-23 05:45:00,sell,1.0,1289.96,1294.03,1277.7500000000002,2017-11-27 14:00:00,1294.03,13.054,-450.0539999999936,309739.0239999992,4.0,13839.988000000594,0.042771587422983426,52.0
1113,2017-11-27 06:15:00,buy,1.0,1288.93,1286.95,1294.8700000000001,2017-11-27 14:00:00,1294.8700000000001,-0.0,564.0000000000055,310303.0239999992,0.0,13275.988000000594,0.04102858191556813,52.0
1114,2017-11-28 04:30:00,buy,1.0,1296.42,1293.65,1304.73,2017-11-28 05:45:00,1293.65,-0.0,-306.9999999999982,309996.0239999992,0.0,13582.988000000594,0.04197734555169667,52.0
1115,2017-11-28 06:15:00,sell,1.0,1293.7,1296.45,1285.45,2017-11-28 17:30:00,1296.45,0.0,-305.0,309691.0239999992,0.0,13887.988000000594,0.042919928317231536,52.0
1116,2017-11-28 16:00:00,buy,1.0,1294.4,1292.62,1299.7400000000007,2017-11-28 18:30:00,1292.62,-0.0,-208.00000000002,309483.0239999992,0.0,14095.988000000594,0.04356273885897335,52.0
1117,2017-11-28 19:15:00,sell,1.0,1291.84,1295.9,1279.6599999999994,2017-11-28 19:30:00,1295.9,0.0,-436.0000000000173,309047.0239999992,0.0,14531.988000000594,0.04491016864839368,52.0
1118,2017-11-28 19:45:00,buy,1.0,1295.42,1291.82,1306.2200000000005,2017-11-28 23:45:00,1291.82,-0.0,-390.00000000001364,308657.0239999992,0.0,14921.988000000594,0.046115438414159576,52.0
1119,2017-11-29 00:00:00,sell,1.0,1292.02,1296.49,1278.61,2017-11-29 11:30:00,1296.49,0.0,-477.00000000000273,308180.0239999992,0.0,15398.988000000594,0.047589576050750176,52.0
1120,2017-11-29 07:15:00,buy,1.0,1295.65,1292.71,1304.4700000000003,2017-11-29 17:00:00,1292.71,-0.0,-324.00000000000546,307856.0239999992,0.0,15722.988000000594,0.048590877086924916,52.0
1121,2017-11-29 14:15:00,sell,1.0,1294.01,1296.35,1286.9900000000002,2017-11-29 17:15:00,1286.9900000000002,0.0,671.9999999999754,308528.0239999992,0.0,15050.988000000594,0.04651410456745137,52.0
1122,2017-11-28 00:15:00,sell,1.0,1294.64,1298.52,1283.0000000000005,2017-11-29 19:00:00,1283.0000000000005,6.527,1127.4729999999645,309655.49699999916,1.0,13923.515000000654,0.0430297222120224,52.0
1123,2017-11-21 19:00:00,buy,1.0,1282.58,1276.51,1300.7899999999997,2017-11-30 17:30:00,1276.51,-132.99,-504.0099999999936,309151.48699999915,8.0,14427.525000000664,0.044587332505980556,52.0
1124,2017-11-14 19:15:00,buy,1.0,1278.45,1271.32,1299.8400000000004,2017-11-30 21:45:00,1271.32,-217.62,-525.3800000000109,308626.10699999915,16.0,14952.905000000668,0.04621098540223207,52.0
1125,2017-12-01 08:00:00,sell,1.0,1275.26,1276.26,1272.26,2017-12-01 12:15:00,1276.26,0.0,-130.0,308496.10699999915,0.0,15082.905000000668,0.0466127419908207,52.0
1126,2017-12-01 10:45:00,buy,1.0,1276.03,1274.48,1280.6799999999998,2017-12-01 16:00:00,1274.48,-0.0,-184.99999999999545,308311.10699999915,0.0,15267.905000000668,0.0471844725207353,52.0
1127,2017-12-01 06:00:00,buy,1.0,1276.21,1273.33,1284.8500000000004,2017-12-01 17:30:00,1273.33,-0.0,-318.0000000000109,307993.10699999915,0.0,15585.905000000668,0.04816723094512903,52.0
1128,2017-12-01 17:15:00,sell,1.0,1275.33,1277.67,1268.3099999999995,2017-12-01 20:00:00,1277.67,0.0,-264.00000000001455,307729.10699999915,0.0,15849.905000000668,0.04898310586349364,52.0
1129,2017-12-01 20:15:00,buy,1.0,1282.7,1272.81,1312.3700000000003,2017-12-04 03:00:00,1272.81,-12.09,-1006.91000000001,306722.1969999991,2.0,16856.8150000007,0.0520948960682305,54.0
1130,2017-12-04 21:45:00,sell,1.0,1274.11,1275.92,1268.6799999999994,2017-12-05 00:00:00,1275.92,6.527,-217.52700000001727,306504.6699999991,0.0,17074.342000000703,0.052767149187045274,54.0
1131,2017-12-05 14:15:00,sell,1.0,1275.15,1275.77,1273.2900000000004,2017-12-05 14:30:00,1275.77,0.0,-91.99999999998909,306412.6699999991,0.0,17166.342000000703,0.05305146923435415,54.0
1132,2017-12-05 14:00:00,buy,1.0,1275.77,1274.29,1280.21,2017-12-05 16:30:00,1274.29,-0.0,-178.00000000000182,306234.6699999991,0.0,17344.342000000703,0.05360156671719089,54.0
1133,2017-12-05 14:45:00,buy,1.0,1275.64,1274.29,1279.6900000000005,2017-12-05 16:30:00,1274.29,-0.0,-165.00000000001364,306069.6699999991,0.0,17509.342000000703,0.054111488541168776,54.0
1134,2017-12-04 23:15:00,buy,1.0,1274.86,1273.43,1279.1499999999994,2017-12-05 16:45:00,1273.43,-12.09,-160.90999999998363,305908.75999999914,0.0,17670.252000000677,0.054608770484782514,54.0
1135,2017-12-04 18:30:00,buy,1.0,1275.92,1272.59,1285.9100000000005,2017-12-05 17:15:00,1272.59,-12.09,-350.9100000000155,305557.8499999991,0.0,18021.16200000071,0.05569323513479521,54.0
1136,2017-12-05 08:00:00,sell,1.0,1275.25,1276.83,1270.5100000000002,2017-12-05 18:00:00,1270.5100000000002,0.0,443.9999999999782,306001.8499999991,0.0,17577.16200000071,0.054321081863000185,54.0
1137,2017-12-05 16:45:00,sell,1.0,1274.38,1276.49,1268.0500000000004,2017-12-05 18:00:00,1268.0500000000004,0.0,602.99999999997,306604.84999999905,0.0,16974.162000000768,0.052457549379008483,54.0
1138,2017-12-06 08:15:00,buy,1.0,1266.04,1264.79,1269.79,2017-12-06 17:15:00,1264.79,-0.0,-155.0,306449.84999999905,0.0,17129.162000000768,0.052936566850018005,54.0
1139,2017-12-06 16:30:00,sell,1.0,1265.59,1268.75,1256.1099999999997,2017-12-07 10:30:00,1256.1099999999997,19.581,898.4190000000245,307348.2689999991,0.0,16230.743000000715,0.05016006106107007,54.0
1140,2017-09-25 02:00:00,sell,1.0,1297.61,1313.91,1248.7099999999994,2017-12-07 23:15:00,1248.7099999999994,489.52500000000003,4370.475000000055,311718.74399999913,73.0,11860.26800000068,0.036653390857132255,54.0
1141,2017-12-08 08:45:00,sell,1.0,1248.52,1249.31,1246.15,2017-12-08 09:45:00,1249.31,0.0,-108.99999999999636,311609.74399999913,0.0,11969.26800000068,0.036990248304487335,54.0
1142,2017-12-08 09:45:00,buy,1.0,1248.88,1246.94,1254.7000000000003,2017-12-08 12:15:00,1246.94,-0.0,-224.00000000000546,311385.74399999913,0.0,12193.26800000068,0.03768250581097852,54.0
1143,2017-12-08 08:15:00,buy,1.0,1248.8,1246.64,1255.2799999999995,2017-12-08 12:45:00,1246.64,-0.0,-245.99999999998545,311139.74399999913,0.0,12439.26800000068,0.038442752894000086,54.0
1144,2017-12-08 12:30:00,sell,1.0,1247.15,1249.31,1240.6700000000005,2017-12-08 17:30:00,1249.31,0.0,-245.99999999998545,310893.74399999913,0.0,12685.26800000068,0.039202999977021646,54.0
1145,2017-12-11 05:30:00,sell,1.0,1247.58,1248.53,1244.7299999999998,2017-12-11 06:15:00,1248.53,0.0,-125.00000000000455,310768.74399999913,0.0,12810.26800000068,0.039589304389126105,56.0
1146,2017-12-11 06:15:00,sell,1.0,1247.69,1248.53,1245.1700000000003,2017-12-11 06:15:00,1248.53,0.0,-113.99999999999181,310654.74399999913,0.0,12924.26800000068,0.039941614012965365,56.0
1147,2017-12-08 22:00:00,sell,1.0,1247.36,1250.63,1237.5499999999993,2017-12-11 11:00:00,1250.63,6.527,-363.5270000000209,310291.21699999913,2.0,13287.795000000682,0.04106507068511814,56.0
1148,2017-12-11 06:00:00,buy,1.0,1248.07,1247.23,1250.5899999999997,2017-12-11 11:00:00,1250.5899999999997,-0.0,221.99999999997544,310513.21699999913,0.0,13065.795000000682,0.04037899404922063,56.0
1149,2017-12-11 06:30:00,buy,1.0,1248.48,1247.23,1252.23,2017-12-11 17:30:00,1247.23,-0.0,-155.0,310358.21699999913,0.0,13220.795000000682,0.04085801152023015,56.0
1150,2017-12-09 00:00:00,buy,1.0,1248.37,1246.5,1253.9799999999996,2017-12-11 18:30:00,1246.5,-0.0,-216.9999999999891,310141.21699999913,2.0,13437.795000000682,0.04152863597964348,56.0
1151,2017-12-08 18:00:00,buy,1.0,1248.24,1245.52,1256.4,2017-12-11 21:15:00,1245.52,-12.09,-289.91000000000275,309851.30699999916,3.0,13727.705000000657,0.04242458407654902,56.0
1152,2017-12-12 06:45:00,buy,1.0,1244.46,1241.08,1254.6000000000004,2017-12-12 18:15:00,1241.08,-0.0,-368.0000000000109,309483.30699999916,0.0,14095.705000000657,0.04356186426578453,56.0
1153,2017-12-11 17:45:00,sell,1.0,1247.81,1251.06,1238.06,2017-12-12 19:30:00,1238.06,6.527,938.473,310421.77999999915,1.0,13157.232000000658,0.04066157418145731,56.0
1154,2017-12-12 12:45:00,sell,1.0,1243.66,1245.73,1237.4500000000003,2017-12-12 19:30:00,1237.4500000000003,0.0,590.9999999999809,311012.77999999915,0.0,12566.232000000658,0.03883512692102745,56.0
1155,2017-12-13 11:45:00,sell,1.0,1242.47,1244.33,1236.8900000000003,2017-12-13 17:30:00,1244.33,0.0,-215.99999999999,310796.77999999915,0.0,12782.232000000658,0.03950266094514395,56.0
1156,2017-12-13 18:00:00,buy,1.0,1244.51,1240.34,1257.0200000000002,2017-12-14 05:15:00,1257.0200000000002,-36.269999999999996,1257.2700000000218,312054.0499999992,0.0,11524.96200000064,0.03561714935949136,56.0
1157,2017-12-12 23:45:00,buy,1.0,1242.33,1236.92,1258.5599999999995,2017-12-14 05:30:00,1258.5599999999995,-48.36,1641.3599999999562,313695.4099999991,1.0,9883.602000000712,0.030544632480677448,56.0
1158,2017-12-14 12:45:00,sell,1.0,1254.87,1258.18,1244.9399999999994,2017-12-14 16:15:00,1258.18,0.0,-361.0000000000173,313334.4099999991,0.0,10244.602000000712,0.03166027962283511,56.0
1159,2017-12-14 15:45:00,buy,1.0,1256.76,1254.31,1264.1100000000001,2017-12-14 17:30:00,1254.31,-0.0,-275.00000000000455,313059.4099999991,0.0,10519.602000000712,0.03251014932946491,56.0
1160,2017-12-15 01:00:00,sell,1.0,1252.97,1255.78,1244.5400000000002,2017-12-15 11:00:00,1255.78,0.0,-310.99999999999454,312748.4099999991,0.0,10830.602000000712,0.03347127470678079,56.0
1161,2017-12-14 18:00:00,sell,1.0,1253.77,1257.95,1241.2299999999998,2017-12-15 14:45:00,1257.95,6.527,-454.52700000000635,312293.8829999991,0.0,11285.129000000714,0.03487596099094561,56.0
1162,2017-12-15 19:45:00,sell,1.0,1255.54,1260.99,1239.1899999999998,2017-12-18 18:30:00,1260.99,6.527,-581.5270000000046,311712.3559999991,2.0,11866.656000000716,0.036673132557808547,59.0
1163,2017-12-15 06:15:00,buy,1.0,1254.76,1252.35,1261.9900000000002,2017-12-18 18:45:00,1261.9900000000002,-12.09,705.0900000000246,312417.4459999991,3.0,11161.56600000069,0.03449409753436263,59.0
1164,2017-12-18 08:15:00,buy,1.0,1255.0,1252.92,1261.2399999999998,2017-12-18 18:45:00,1261.2399999999998,-0.0,593.9999999999782,313011.4459999991,0.0,10567.56600000069,0.032658378968042266,59.0
1165,2017-12-19 04:15:00,sell,1.0,1260.68,1262.99,1253.7500000000002,2017-12-19 09:15:00,1262.99,0.0,-260.99999999999454,312750.4459999991,0.0,10828.56600000069,0.03346498258051637,59.0
1166,2017-12-19 07:45:00,buy,1.0,1261.5,1260.31,1265.0700000000002,2017-12-19 16:15:00,1265.0700000000002,-0.0,327.00000000001637,313077.4459999991,0.0,10501.56600000069,0.032454410238451116,59.0
1167,2017-12-19 17:30:00,sell,1.0,1261.44,1264.69,1251.69,2017-12-20 06:15:00,1264.69,6.527,-361.527,312715.9189999991,0.0,10863.093000000692,0.033571686040010214,59.0
1168,2017-12-20 18:45:00,sell,1.0,1263.73,1266.13,1256.5299999999997,2017-12-20 21:30:00,1266.13,0.0,-270.0000000000091,312445.9189999991,0.0,11133.093000000692,0.03440610357015584,59.0
1169,2017-12-20 20:45:00,buy,1.0,1265.05,1263.1,1270.9,2017-12-21 17:15:00,1263.1,-36.269999999999996,-188.73000000000457,312257.18899999914,0.0,11321.823000000673,0.03498936142372757,59.0
1170,2017-12-21 10:15:00,sell,1.0,1265.81,1267.94,1259.4199999999996,2017-12-22 00:15:00,1267.94,6.527,-249.5270000000109,312007.66199999914,0.0,11571.350000000675,0.035760508472041076,59.0
1171,2017-12-22 05:00:00,sell,1.0,1265.91,1268.13,1259.25,2017-12-22 12:15:00,1268.13,0.0,-252.00000000000273,311755.66199999914,0.0,11823.350000000675,0.036539298166843655,59.0
1172,2017-12-20 01:00:00,buy,1.0,1262.03,1259.32,1270.16,2017-12-22 18:00:00,1270.16,-48.36,831.3600000000109,312587.0219999991,2.0,10991.99000000069,0.03397003387846643,59.0
1173,2017-12-14 23:30:00,buy,1.0,1255.68,1250.6,1270.9200000000005,2017-12-22 18:15:00,1270.9200000000005,-96.72,1590.7200000000464,314177.74199999915,7.0,9401.270000000659,0.02905401664308396,59.0
1174,2017-12-22 09:45:00,buy,1.0,1267.0,1265.32,1272.0400000000002,2017-12-22 19:30:00,1272.0400000000002,-0.0,474.0000000000191,314651.74199999915,0.0,8927.270000000659,0.02758915031238387,59.0
1175,2017-12-21 20:30:00,buy,1.0,1266.33,1263.77,1274.0099999999998,2017-12-22 20:00:00,1274.0099999999998,-12.09,750.0899999999837,315401.8319999991,0.0,8177.1800000006915,0.02527104570058053,59.0
1176,2017-12-27 06:45:00,sell,1.0,1281.94,1283.08,1278.5200000000004,2017-12-27 11:00:00,1283.08,0.0,-143.99999999998727,315257.8319999991,0.0,8321.180000000692,0.025716068383324863,63.0
1177,2017-12-27 10:00:00,buy,1.0,1282.22,1281.48,1284.44,2017-12-27 11:00:00,1284.44,-0.0,192.00000000000273,315449.8319999991,0.0,8129.1800000006915,0.02512270480633242,63.0
1178,2017-12-04 03:15:00,sell,1.0,1273.83,1288.81,1228.8899999999999,2017-12-28 06:45:00,1288.81,169.702,-1697.7020000000018,313752.12999999913,24.0,9826.882000000682,0.030369342990640837,63.0
1179,2017-12-28 17:30:00,sell,1.0,1290.47,1292.94,1283.06,2017-12-28 18:00:00,1292.94,0.0,-277.00000000000273,313475.12999999913,0.0,10103.882000000682,0.031225393567864308,63.0
1180,2017-12-28 18:00:00,buy,1.0,1292.25,1289.28,1301.16,2017-12-29 18:15:00,1301.16,-12.09,873.0900000000082,314348.21999999916,1.0,9230.792000000656,0.028527165414550006,64.0
1181,2018-01-03 16:00:00,buy,1.0,1315.53,1312.32,1325.16,2018-01-03 23:00:00,1312.32,-0.0,-351.00000000000364,313997.21999999916,0.0,9581.792000000656,0.029611908203739313,69.0
1182,2018-01-04 11:15:00,sell,1.0,1308.65,1310.2,1304.0000000000002,2018-01-04 11:30:00,1310.2,0.0,-184.99999999999545,313812.21999999916,0.0,9766.792000000656,0.030183638733653904,69.0
1183,2018-01-03 23:15:00,sell,1.0,1308.01,1317.43,1279.7499999999998,2018-01-04 19:30:00,1317.43,19.581,-991.5810000000073,312820.63899999915,0.0,10758.373000000662,0.03324805565572549,69.0
1184,2018-01-03 07:00:00,sell,1.0,1312.23,1321.0,1285.92,2018-01-04 23:30:00,1321.0,19.581,-926.5809999999982,311894.05799999915,1.0,11684.954000000667,0.03611159428350277,69.0
1185,2018-01-04 11:00:00,buy,1.0,1309.97,1306.02,1321.8200000000002,2018-01-04 23:30:00,1321.8200000000002,-0.0,1155.0000000000136,313049.05799999915,0.0,10529.954000000667,0.03254214151565762,69.0
1186,2018-01-04 11:30:00,buy,1.0,1309.94,1306.02,1321.7000000000003,2018-01-04 23:30:00,1321.7000000000003,-0.0,1146.0000000000218,314195.05799999915,0.0,9383.954000000667,0.02900050266548398,69.0
1187,2018-01-05 18:00:00,buy,1.0,1320.71,1316.58,1333.1000000000004,2018-01-05 18:00:00,1316.58,-0.0,-443.0000000000109,313752.05799999915,0.0,9826.954000000667,0.030369565501982165,69.0
1188,2018-01-05 18:15:00,sell,1.0,1315.75,1320.71,1300.87,2018-01-05 20:45:00,1320.71,0.0,-526.0000000000036,313226.05799999915,0.0,10352.954000000667,0.031995134468117706,69.0
1189,2018-01-05 19:30:00,buy,1.0,1319.53,1315.66,1331.1399999999996,2018-01-08 11:45:00,1315.66,-12.09,-404.9099999999891,312821.1479999992,2.0,10757.864000000642,0.03324648262415934,71.0
1190,2018-01-08 15:15:00,buy,1.0,1320.55,1315.7,1335.0999999999997,2018-01-09 05:15:00,1315.7,-12.09,-502.90999999999093,312318.2379999992,0.0,11260.774000000616,0.034800693439290875,71.0
1191,2018-01-08 23:45:00,buy,1.0,1319.06,1316.57,1326.53,2018-01-09 05:15:00,1316.57,-12.09,-266.91000000000093,312051.3279999992,0.0,11527.68400000059,0.035625561524369194,71.0
1192,2018-01-09 08:15:00,buy,1.0,1318.79,1316.67,1325.1499999999996,2018-01-09 11:45:00,1316.67,-0.0,-241.9999999999891,311809.3279999992,0.0,11769.68400000059,0.03637344686620342,71.0
1193,2018-01-08 08:30:00,sell,1.0,1319.66,1321.72,1313.4800000000002,2018-01-09 12:30:00,1313.4800000000002,6.527,581.4729999999836,312390.8009999992,1.0,11188.211000000592,0.034576442182846515,71.0
1194,2018-01-05 10:00:00,sell,1.0,1320.13,1323.15,1311.0700000000002,2018-01-09 17:30:00,1311.0700000000002,13.054,862.9459999999946,313253.7469999992,4.0,10325.265000000596,0.0319095634051834,71.0
1195,2018-01-09 04:30:00,sell,1.0,1318.02,1320.33,1311.0900000000001,2018-01-09 17:30:00,1311.0900000000001,0.0,662.9999999999836,313916.7469999992,0.0,9662.265000000596,0.02986060480338138,71.0
1196,2018-01-09 11:00:00,sell,1.0,1317.78,1319.63,1312.2299999999996,2018-01-09 17:30:00,1312.2299999999996,0.0,525.0000000000409,314441.7469999993,0.0,9137.265000000538,0.028238126272542494,71.0
1197,2018-01-09 23:45:00,buy,1.0,1313.81,1309.56,1326.56,2018-01-10 04:45:00,1309.56,-12.09,-442.91,313998.8369999993,0.0,9580.175000000512,0.029606910969863884,71.0
1198,2018-01-10 03:15:00,sell,1.0,1311.65,1314.62,1302.7400000000007,2018-01-10 12:30:00,1314.62,0.0,-326.99999999998,313671.8369999993,0.0,9907.175000000512,0.030617483311929136,71.0
1199,2018-01-08 20:30:00,sell,1.0,1317.08,1320.55,1306.6699999999998,2018-01-10 14:30:00,1320.55,13.054,-390.0540000000027,313281.7829999993,1.0,10297.229000000516,0.031822919961201075,71.0
1200,2018-01-10 12:15:00,buy,1.0,1313.89,1309.51,1327.0300000000004,2018-01-10 15:00:00,1327.0300000000004,-0.0,1284.0000000000327,314565.78299999936,0.0,9013.229000000458,0.027854801040063944,71.0
1201,2018-01-11 05:30:00,sell,1.0,1317.74,1318.91,1314.2299999999998,2018-01-11 06:45:00,1318.91,0.0,-147.00000000000728,314418.78299999936,0.0,9160.229000000458,0.02830909502869878,71.0
1202,2018-01-11 05:00:00,buy,1.0,1318.77,1316.12,1326.7200000000003,2018-01-11 11:30:00,1316.12,-0.0,-295.0000000000091,314123.78299999936,0.0,9455.229000000458,0.029220773441265294,71.0
1203,2018-01-11 05:45:00,buy,1.0,1318.08,1316.12,1323.96,2018-01-11 11:30:00,1316.12,-0.0,-226.00000000000364,313897.78299999936,0.0,9681.229000000458,0.029919211818350146,71.0
1204,2018-01-11 09:00:00,sell,1.0,1317.48,1320.03,1309.8300000000002,2018-01-11 14:30:00,1320.03,0.0,-284.99999999999545,313612.78299999936,0.0,9966.229000000458,0.0307999858779483,71.0
1205,2018-01-10 21:00:00,sell,1.0,1317.02,1325.07,1292.8700000000001,2018-01-12 06:15:00,1325.07,26.108,-861.1079999999954,312751.67499999935,1.0,10827.337000000465,0.03346118443553586,71.0
1206,2018-01-11 14:30:00,buy,1.0,1319.22,1315.76,1329.6000000000001,2018-01-12 08:30:00,1329.6000000000001,-12.09,1020.090000000011,313771.7649999994,0.0,9807.24700000044,0.03030866229358672,71.0
1207,2018-01-12 18:00:00,sell,1.0,1325.83,1332.22,1306.6599999999996,2018-01-12 22:00:00,1332.22,0.0,-669.00000000001,313102.7649999994,0.0,10476.24700000044,0.03237616350716976,71.0
1208,2018-01-16 10:15:00,sell,1.0,1340.19,1341.2,1337.16,2018-01-16 10:30:00,1341.2,0.0,-130.9999999999991,312971.7649999994,0.0,10607.24700000044,0.03278101053105523,74.0
1209,2018-01-16 08:45:00,buy,1.0,1341.1,1338.34,1349.3799999999999,2018-01-16 11:00:00,1338.34,-0.0,-305.9999999999991,312665.7649999994,0.0,10913.24700000044,0.03372668373188693,74.0
1210,2018-01-15 18:30:00,sell,1.0,1341.4,1343.29,1335.7300000000005,2018-01-16 13:15:00,1335.7300000000005,6.527,530.4729999999618,313196.2379999993,0.0,10382.7740000005,0.032087291248668826,74.0
1211,2018-01-16 22:45:00,buy,1.0,1336.66,1332.6,1348.8400000000006,2018-01-17 20:30:00,1332.6,-12.09,-423.9100000000173,312772.3279999993,0.0,10806.684000000532,0.03339735767535052,75.0
1212,2018-01-17 15:00:00,buy,1.0,1338.07,1333.21,1352.6499999999996,2018-01-17 20:30:00,1333.21,-0.0,-515.99999999999,312256.3279999993,0.0,11322.684000000532,0.03499202228851771,75.0
1213,2018-01-17 16:45:00,sell,1.0,1335.25,1338.41,1325.7699999999998,2018-01-17 22:15:00,1338.41,0.0,-346.0000000000082,311910.3279999993,0.0,11668.684000000532,0.03606131290122284,75.0
1214,2018-01-17 22:30:00,buy,1.0,1338.74,1332.67,1356.9499999999998,2018-01-17 23:45:00,1332.67,-0.0,-636.9999999999936,311273.3279999993,0.0,12305.684000000532,0.03802992018530713,75.0
1215,2018-01-12 20:15:00,buy,1.0,1330.79,1325.83,1345.67,2018-01-18 05:00:00,1325.83,-72.53999999999999,-453.4600000000037,310819.86799999926,5.0,12759.144000000553,0.039431308975010286,75.0
1216,2018-01-18 22:30:00,sell,1.0,1327.21,1331.55,1314.1900000000003,2018-01-19 06:00:00,1331.55,6.527,-470.5269999999918,310349.34099999926,0.0,13229.671000000555,0.04088544222392447,76.0
1217,2018-01-18 12:30:00,buy,1.0,1328.4,1325.42,1337.3400000000001,2018-01-19 12:30:00,1337.3400000000001,-12.09,876.0900000000055,311225.4309999993,1.0,12353.58100000053,0.03817794276471966,76.0
1218,2018-01-20 00:00:00,buy,1.0,1334.45,1332.84,1339.2800000000004,2018-01-20 00:45:00,1332.84,-0.0,-191.00000000001273,311034.4309999993,0.0,12544.58100000053,0.038768215906415264,76.0
1219,2018-01-20 00:30:00,sell,1.0,1333.32,1334.59,1329.51,2018-01-22 03:00:00,1334.59,0.0,-156.99999999999818,310877.4309999993,2.0,12701.58100000053,0.03925341424801846,78.0
1220,2018-01-22 04:15:00,buy,1.0,1334.71,1331.43,1344.55,2018-01-22 05:15:00,1331.43,-0.0,-357.99999999999727,310519.4309999993,0.0,13059.58100000053,0.04035979008428562,78.0
1221,2018-01-22 05:30:00,sell,1.0,1331.66,1334.84,1322.1200000000006,2018-01-22 19:30:00,1334.84,0.0,-347.99999999998363,310171.4309999993,0.0,13407.58100000053,0.04143526156758442,78.0
1222,2018-01-22 21:45:00,sell,1.0,1331.44,1334.67,1321.75,2018-01-23 00:45:00,1334.67,6.527,-359.5270000000018,309811.9039999993,0.0,13767.108000000531,0.04254635649854985,78.0
1223,2018-01-19 20:00:00,sell,1.0,1333.09,1336.17,1323.8499999999995,2018-01-23 05:30:00,1336.17,13.054,-351.05400000001544,309460.8499999993,3.0,14118.162000000535,0.043631266171245194,78.0
1224,2018-01-23 00:30:00,buy,1.0,1333.37,1331.44,1339.1599999999994,2018-01-23 18:30:00,1331.44,-0.0,-222.99999999998363,309237.8499999993,0.0,14341.162000000535,0.04432043324243954,78.0
1225,2018-01-23 18:15:00,sell,1.0,1332.74,1337.43,1318.6699999999998,2018-01-23 19:30:00,1337.43,0.0,-499.00000000000546,308738.8499999993,0.0,14840.162000000535,0.04586256045556052,78.0
1226,2018-01-18 00:00:00,sell,1.0,1328.86,1339.6,1296.6399999999999,2018-01-23 23:30:00,1339.6,19.581,-1123.5810000000008,307615.2689999993,5.0,15963.74300000054,0.04933491483681442,78.0
1227,2018-01-19 05:45:00,buy,1.0,1329.82,1325.66,1342.2999999999995,2018-01-24 10:15:00,1342.2999999999995,-36.269999999999996,1254.2699999999563,308869.53899999923,5.0,14709.47300000058,0.04545867455705251,78.0
1228,2018-01-17 08:00:00,sell,1.0,1337.42,1343.56,1319.0000000000005,2018-01-24 11:30:00,1343.56,45.689,-689.6889999999872,308179.8499999992,7.0,15399.162000000593,0.04759011378649182,78.0
1229,2018-01-22 13:30:00,buy,1.0,1332.7,1328.74,1344.5800000000002,2018-01-24 12:00:00,1344.5800000000002,-24.18,1182.180000000011,309362.0299999992,1.0,14216.9820000006,0.0439366629872787,78.0
1230,2018-01-23 20:15:00,buy,1.0,1337.07,1332.42,1351.0199999999995,2018-01-24 16:30:00,1351.0199999999995,-12.09,1377.089999999959,310739.1199999992,0.0,12839.892000000633,0.03968085544435941,78.0
1231,2018-01-25 21:00:00,buy,1.0,1360.8,1354.12,1380.8400000000001,2018-01-25 23:00:00,1354.12,-0.0,-698.0000000000064,310041.1199999992,0.0,13537.892000000633,0.04183797928155068,79.0
1232,2018-01-26 21:15:00,buy,1.0,1353.58,1349.41,1366.0899999999995,2018-01-26 23:15:00,1349.41,-0.0,-446.99999999998454,309594.1199999992,0.0,13984.892000000633,0.04321940385923621,80.0
1233,2018-01-26 07:15:00,buy,1.0,1352.91,1345.85,1374.0900000000006,2018-01-29 12:30:00,1345.85,-12.09,-723.9100000000172,308870.20999999915,3.0,14708.802000000665,0.0454566008749686,82.0
1234,2018-01-26 23:45:00,sell,1.0,1350.78,1353.81,1341.69,2018-01-29 16:30:00,1341.69,6.527,872.4729999999918,309742.68299999915,2.0,13836.329000000667,0.04276027952023253,82.0
1235,2018-01-25 12:30:00,sell,1.0,1358.09,1365.62,1335.5,2018-01-30 06:30:00,1335.5,19.581,2209.4189999999917,311952.10199999914,4.0,11626.910000000673,0.03593221305713326,82.0
1236,2018-01-30 13:30:00,buy,1.0,1338.58,1334.9,1349.6199999999994,2018-01-31 23:15:00,1334.9,-12.09,-385.90999999998365,311566.19199999917,1.0,12012.820000000647,0.03712484294253502,83.0
1237,2018-01-31 07:45:00,buy,1.0,1342.31,1336.67,1359.2299999999996,2018-01-31 23:15:00,1336.67,-0.0,-593.9999999999873,310972.19199999917,0.0,12606.820000000647,0.038960561508855386,83.0
1238,2018-01-31 20:30:00,sell,1.0,1341.86,1344.79,1333.0699999999997,2018-01-31 23:15:00,1333.0699999999997,0.0,849.0000000000191,311821.19199999917,0.0,11757.820000000647,0.03633678194184193,83.0
1239,2018-02-01 07:30:00,buy,1.0,1344.51,1342.55,1350.39,2018-02-01 10:30:00,1342.55,-0.0,-226.00000000000364,311595.19199999917,0.0,11983.820000000647,0.03703522031892679,83.0
1240,2018-02-01 07:15:00,sell,1.0,1343.21,1346.63,1332.9499999999998,2018-02-01 23:45:00,1346.63,0.0,-372.0000000000073,311223.19199999917,0.0,12355.820000000647,0.03818486224934964,83.0
1241,2018-02-01 10:45:00,sell,1.0,1342.19,1346.47,1329.3500000000001,2018-02-01 23:45:00,1346.47,0.0,-457.99999999999727,310765.19199999917,0.0,12813.820000000647,0.03960028161530036,83.0
1242,2018-01-30 20:30:00,sell,1.0,1339.51,1348.13,1313.6499999999996,2018-02-02 00:00:00,1348.13,32.635,-924.6350000000118,309840.55699999916,2.0,13738.455000000657,0.04245780625599,83.0
1243,2018-02-02 11:15:00,buy,1.0,1348.76,1347.0,1354.04,2018-02-02 13:00:00,1347.0,-0.0,-205.9999999999991,309634.55699999916,0.0,13944.455000000657,0.043094435927138144,83.0
1244,2018-02-02 10:15:00,sell,1.0,1347.11,1349.67,1339.4299999999994,2018-02-02 17:30:00,1339.4299999999994,0.0,738.0000000000518,310372.5569999992,0.0,13206.455000000598,0.04081369467807327,83.0
1245,2018-02-02 13:30:00,sell,1.0,1346.82,1348.76,1340.9999999999998,2018-02-02 17:30:00,1340.9999999999998,0.0,552.0000000000164,310924.5569999992,0.0,12654.455000000598,0.03910777439422,83.0
1246,2018-02-01 00:45:00,buy,1.0,1345.57,1336.17,1373.7699999999995,2018-02-02 17:45:00,1336.17,-12.09,-957.9099999999863,309966.64699999924,1.0,13612.365000000573,0.04206813326941174,83.0
1247,2018-02-01 18:45:00,buy,1.0,1343.01,1337.66,1359.0599999999997,2018-02-02 17:45:00,1337.66,-12.09,-552.9099999999909,309413.73699999927,0.0,14165.275000000547,0.043776865849385053,83.0
1248,2018-01-26 16:00:00,sell,1.0,1350.33,1356.61,1331.49,2018-02-02 19:00:00,1331.49,45.689,1808.3109999999917,311222.04799999925,7.0,12356.96400000056,0.03818839770732895,83.0
1249,2018-02-05 10:45:00,buy,1.0,1332.05,1329.43,1339.9099999999996,2018-02-06 00:00:00,1339.9099999999996,-12.09,768.0899999999673,311990.1379999992,0.0,11588.874000000593,0.03581466526018257,86.0
1250,2018-02-05 22:00:00,sell,1.0,1334.89,1336.83,1329.0700000000006,2018-02-06 00:00:00,1336.83,6.527,-230.5269999999827,311759.6109999992,0.0,11819.401000000595,0.03652709403785621,86.0
1251,2018-02-06 14:00:00,buy,1.0,1343.16,1339.96,1352.7600000000002,2018-02-06 16:15:00,1339.96,-0.0,-350.00000000000455,311409.6109999992,0.0,12169.401000000595,0.037608746391748674,86.0
1252,2018-02-06 00:15:00,buy,1.0,1339.58,1332.62,1360.46,2018-02-06 18:30:00,1332.62,-0.0,-726.0000000000036,310683.6109999992,0.0,12895.401000000595,0.03985240241725135,86.0
1253,2018-02-06 16:30:00,sell,1.0,1340.48,1344.02,1329.8600000000001,2018-02-06 19:00:00,1329.8600000000001,0.0,1031.999999999989,311715.6109999992,0.0,11863.401000000595,0.036663073190916974,86.0
1254,2018-02-06 13:00:00,sell,1.0,1340.66,1345.22,1326.9800000000002,2018-02-06 19:45:00,1326.9800000000002,0.0,1337.9999999999836,313053.6109999992,0.0,10525.401000000595,0.032528070763750895,86.0
1255,2018-02-07 06:00:00,buy,1.0,1329.18,1320.32,1355.7600000000004,2018-02-07 18:00:00,1320.32,-0.0,-916.0000000000127,312137.6109999992,0.0,11441.401000000595,0.03535890949565234,86.0
1256,2018-02-07 14:30:00,sell,1.0,1328.09,1331.36,1318.28,2018-02-07 20:45:00,1318.28,0.0,950.9999999999945,313088.6109999992,0.0,10490.401000000595,0.03241990552836165,86.0
1257,2018-01-25 23:30:00,sell,1.0,1350.99,1363.73,1312.77,2018-02-07 22:15:00,1312.77,71.797,3720.2030000000027,316808.8139999992,12.0,6770.198000000615,0.020922858865767904,86.0
1258,2018-02-09 11:00:00,buy,1.0,1320.14,1316.96,1329.6800000000003,2018-02-09 12:00:00,1316.96,-0.0,-348.00000000000637,316460.8139999992,0.0,7118.198000000615,0.021998330349066703,87.0
1259,2018-02-09 12:15:00,sell,1.0,1314.79,1320.14,1298.7399999999996,2018-02-12 05:00:00,1320.14,6.527,-571.5270000000137,315889.2869999992,2.0,7689.725000000617,0.023764597562961287,89.0
1260,2018-02-09 22:00:00,sell,1.0,1312.65,1318.55,1294.9500000000005,2018-02-12 05:00:00,1318.55,6.527,-626.5269999999864,315262.7599999992,2.0,8316.252000000619,0.025700838718181834,89.0
1261,2018-02-09 07:30:00,sell,1.0,1316.96,1322.03,1301.7500000000002,2018-02-12 05:30:00,1322.03,6.527,-543.5269999999937,314719.2329999992,2.0,8859.77900000062,0.02738057374376502,89.0
1262,2018-02-12 13:30:00,sell,1.0,1320.99,1324.17,1311.4499999999998,2018-02-12 19:30:00,1324.17,0.0,-348.00000000000637,314371.2329999992,0.0,9207.77900000062,0.02845604522706382,89.0
1263,2018-02-13 03:00:00,sell,1.0,1322.63,1325.16,1315.0400000000002,2018-02-13 08:15:00,1325.16,0.0,-282.99999999999727,314088.2329999992,0.0,9490.77900000062,0.029330638416068304,89.0
1264,2018-02-13 05:00:00,sell,1.0,1322.63,1324.83,1316.0300000000007,2018-02-13 08:15:00,1324.83,0.0,-249.9999999999818,313838.2329999992,0.0,9740.77900000062,0.03010324724027721,89.0
1265,2018-02-13 05:30:00,sell,1.0,1322.4,1324.83,1315.1100000000006,2018-02-13 08:15:00,1324.83,0.0,-272.99999999998363,313565.2329999992,0.0,10013.77900000062,0.03094693607631334,89.0
1266,2018-02-10 01:45:00,buy,1.0,1316.34,1312.21,1328.7299999999996,2018-02-13 11:45:00,1328.7299999999996,-12.09,1221.0899999999644,314786.32299999916,3.0,8792.689000000653,0.02717323643970042,89.0
1267,2018-02-13 05:15:00,buy,1.0,1323.18,1321.32,1328.7600000000004,2018-02-13 12:15:00,1328.7600000000004,-0.0,528.0000000000382,315314.3229999992,0.0,8264.689000000595,0.025541486602971022,89.0
1268,2018-02-13 07:15:00,buy,1.0,1323.61,1321.32,1330.4799999999998,2018-02-13 14:30:00,1330.4799999999998,-0.0,656.9999999999891,315971.3229999992,0.0,7607.689000000595,0.023511070612950012,89.0
1269,2018-02-13 18:00:00,sell,1.0,1325.85,1329.91,1313.6699999999994,2018-02-14 03:00:00,1329.91,6.527,-442.52700000001727,315528.7959999992,0.0,8050.216000000597,0.024878671673552802,89.0
1270,2018-02-13 03:15:00,buy,1.0,1324.05,1321.32,1332.24,2018-02-14 03:15:00,1332.24,-12.09,801.0900000000055,316329.88599999924,1.0,7249.126000000571,0.022402954861610664,89.0
1271,2018-02-08 17:45:00,buy,1.0,1314.54,1308.34,1333.14,2018-02-14 05:00:00,1333.14,-48.36,1878.3600000000135,318208.2459999992,5.0,5370.766000000585,0.01659800481744653,89.0
1272,2018-02-09 21:15:00,buy,1.0,1318.51,1311.95,1338.1899999999998,2018-02-14 19:00:00,1338.1899999999998,-36.269999999999996,1974.2699999999836,320182.5159999992,4.0,3396.496000000625,0.01049665112396297,89.0
1273,2018-02-12 19:15:00,buy,1.0,1323.34,1317.4,1341.1599999999994,2018-02-14 19:00:00,1341.1599999999994,-24.18,1776.1799999999482,321958.6959999991,1.0,1620.31600000069,0.005007481758429657,89.0
1274,2018-02-14 12:30:00,sell,1.0,1332.01,1336.21,1319.4099999999999,2018-02-14 19:00:00,1336.21,0.0,-450.00000000000455,321508.6959999991,0.0,2070.31600000069,0.006398177642005691,89.0
1275,2018-02-13 20:15:00,buy,1.0,1329.49,1323.68,1346.9199999999998,2018-02-14 19:30:00,1346.9199999999998,-12.09,1725.0899999999835,323233.7859999991,0.0,345.2260000007227,0.0010668986157876114,89.0
1276,2018-02-14 19:00:00,buy,1.0,1333.85,1326.92,1354.6399999999994,2018-02-14 22:15:00,1354.6399999999994,-0.0,2048.999999999951,325282.78599999903,0.0,-1703.773999999219,-0.005265403307428419,0.0
1277,2018-02-15 15:30:00,sell,1.0,1351.76,1356.5,1337.54,2018-02-16 06:45:00,1356.5,6.527,-510.5270000000009,324772.25899999903,0.0,510.52700000000186,0.0015694866804295121,1.0
1278,2018-02-15 23:15:00,buy,1.0,1353.63,1349.46,1366.1400000000003,2018-02-16 22:45:00,1349.46,-12.09,-434.9100000000073,324337.348999999,0.0,945.4370000000345,0.002906507939218269,1.0
1279,2018-02-19 07:00:00,buy,1.0,1350.34,1346.83,1360.87,2018-02-19 09:45:00,1346.83,-0.0,-380.9999999999991,323956.348999999,0.0,1326.4370000000345,0.0040777964807520994,3.0
1280,2018-02-19 07:45:00,sell,1.0,1349.71,1351.0,1345.8400000000001,2018-02-19 18:00:00,1345.8400000000001,0.0,356.9999999999891,324313.348999999,0.0,969.4370000000345,0.002980289894590479,3.0
1281,2018-02-16 16:30:00,sell,1.0,1354.82,1360.89,1336.6099999999994,2018-02-20 17:45:00,1336.6099999999994,13.054,1777.946000000049,326091.29499999905,4.0,-808.50900000002,-0.002485557289834644,0.0
1282,2018-02-20 18:30:00,buy,1.0,1341.73,1336.39,1357.7499999999998,2018-02-20 20:00:00,1336.39,-0.0,-563.9999999999918,325527.29499999905,0.0,564.0,0.001729576988554698,0.0
1283,2018-02-21 22:30:00,buy,1.0,1329.99,1327.23,1338.27,2018-02-21 22:30:00,1327.23,-0.0,-305.9999999999991,325221.29499999905,0.0,870.0,0.0026679645036216085,1.0
1284,2018-02-21 21:15:00,sell,1.0,1327.23,1331.96,1313.04,2018-02-21 23:00:00,1331.96,0.0,-503.0000000000018,324718.29499999905,0.0,1373.0,0.004210477314336171,1.0
1285,2018-02-21 22:45:00,sell,1.0,1327.15,1331.96,1312.7200000000003,2018-02-21 23:00:00,1331.96,0.0,-510.99999999999454,324207.29499999905,0.0,1884.0,0.005777523131980587,1.0
1286,2018-02-21 23:15:00,buy,1.0,1333.59,1327.01,1353.3299999999997,2018-02-21 23:45:00,1327.01,-0.0,-687.9999999999927,323519.29499999905,0.0,2572.0,0.00788736172794802,1.0
1287,2018-02-21 13:30:00,buy,1.0,1329.17,1325.61,1339.8500000000006,2018-02-22 00:00:00,1325.61,-36.269999999999996,-349.7300000000173,323169.564999999,0.0,2921.7300000000396,0.008959852792145366,1.0
1288,2018-02-22 17:00:00,buy,1.0,1323.85,1321.31,1331.4699999999998,2018-02-22 21:30:00,1331.4699999999998,-0.0,731.9999999999891,323901.564999999,0.0,2189.7300000000396,0.006715082658063736,1.0
1289,2018-02-23 22:00:00,buy,1.0,1330.14,1327.74,1337.3400000000004,2018-02-26 03:00:00,1327.74,-12.09,-257.9100000000091,323643.654999999,2.0,2447.640000000072,0.007505996135223663,4.0
1290,2018-02-24 00:15:00,buy,1.0,1329.77,1327.74,1335.86,2018-02-26 03:00:00,1327.74,-0.0,-232.99999999999727,323410.654999999,2.0,2680.640000000072,0.008220519962055656,4.0
1291,2018-02-26 03:15:00,sell,1.0,1328.51,1330.15,1323.5899999999997,2018-02-26 05:00:00,1330.15,0.0,-194.00000000001,323216.654999999,0.0,2874.640000000072,0.008815445380104613,4.0
1292,2018-02-22 00:15:00,sell,1.0,1323.41,1333.59,1292.8700000000006,2018-02-26 05:30:00,1333.59,13.054,-1061.0539999999837,322155.600999999,4.0,3935.694000000076,0.012069301021973271,4.0
1293,2018-02-23 06:45:00,sell,1.0,1329.6,1331.85,1322.85,2018-02-26 05:30:00,1331.85,6.527,-261.527,321894.073999999,2.0,4197.221000000078,0.012871306484891263,4.0
1294,2018-02-23 19:15:00,sell,1.0,1328.42,1331.17,1320.17,2018-02-26 05:30:00,1331.17,6.527,-311.527,321582.546999999,2.0,4508.74800000008,0.013826643241120842,4.0
1295,2018-02-23 22:30:00,sell,1.0,1328.56,1331.17,1320.7299999999996,2018-02-26 05:30:00,1331.17,6.527,-297.5270000000127,321285.01999999897,2.0,4806.2750000000815,0.014739047235223178,4.0
1296,2018-02-23 14:30:00,buy,1.0,1329.2,1326.22,1338.14,2018-02-26 09:30:00,1338.14,-12.09,876.0900000000055,322161.109999999,2.0,3930.185000000056,0.012052406980076138,4.0
1297,2018-02-26 05:30:00,buy,1.0,1329.92,1327.03,1338.5900000000004,2018-02-26 09:30:00,1338.5900000000004,-0.0,837.00000000003,322998.10999999905,0.0,3093.1849999999977,0.009485641130039999,4.0
1298,2018-02-27 13:15:00,sell,1.0,1333.01,1333.99,1330.07,2018-02-27 14:00:00,1333.99,0.0,-128.00000000000182,322870.10999999905,0.0,3221.1849999999977,0.009878169240917662,5.0
1299,2018-02-27 12:30:00,buy,1.0,1333.9,1332.15,1339.15,2018-02-27 14:30:00,1332.15,-0.0,-205.0,322665.10999999905,0.0,3426.1849999999977,0.010506827543495167,5.0
1300,2018-02-27 14:00:00,buy,1.0,1333.71,1332.15,1338.3899999999999,2018-02-27 14:30:00,1332.15,-0.0,-185.99999999999454,322479.10999999905,0.0,3612.1849999999977,0.011077219954614269,5.0
1301,2018-02-27 04:45:00,buy,1.0,1334.09,1330.53,1344.7699999999998,2018-02-27 17:00:00,1330.53,-0.0,-385.99999999999454,322093.10999999905,0.0,3998.1849999999977,0.012260937538979718,5.0
1302,2018-02-27 14:15:00,sell,1.0,1333.35,1333.93,1331.6099999999994,2018-02-27 17:00:00,1331.6099999999994,0.0,144.00000000004638,322237.1099999991,0.0,3854.1849999999395,0.01181934341424217,5.0
1303,2018-02-26 17:00:00,sell,1.0,1336.75,1340.32,1326.0400000000002,2018-02-27 17:30:00,1326.0400000000002,6.527,1034.4729999999809,323271.5829999991,1.0,2819.7119999999413,0.008647001754523835,5.0
1304,2018-02-20 20:15:00,sell,1.0,1336.14,1341.73,1319.3700000000003,2018-02-27 19:45:00,1319.3700000000003,45.689,1601.3109999999754,324872.8939999991,6.0,1218.4009999999544,0.003736380022042471,5.0
1305,2018-02-27 08:30:00,sell,1.0,1332.35,1336.41,1320.1699999999994,2018-02-27 19:45:00,1320.1699999999994,0.0,1188.0000000000518,326060.89399999916,0.0,30.400999999896158,9.32284929589925e-05,5.0
1306,2018-02-28 12:45:00,sell,1.0,1317.12,1318.93,1311.6899999999994,2018-02-28 13:15:00,1318.93,0.0,-211.00000000001728,325849.89399999916,0.0,241.40099999989616,0.0007402865507338883,5.0
1307,2018-02-28 11:15:00,buy,1.0,1318.57,1316.83,1323.79,2018-02-28 17:30:00,1316.83,-0.0,-204.0000000000009,325645.89399999916,0.0,445.40099999989616,0.0013658782274451622,5.0
1308,2018-02-28 13:30:00,buy,1.0,1319.21,1317.12,1325.4800000000005,2018-02-28 17:30:00,1317.12,-0.0,-239.00000000001455,325406.89399999916,0.0,684.4009999998962,0.0020988018094745464,5.0
1309,2018-02-28 18:00:00,sell,1.0,1317.58,1321.09,1307.05,2018-02-28 18:30:00,1321.09,0.0,-380.9999999999991,325025.89399999916,0.0,1065.4009999998962,0.003267186264508837,5.0
1310,2018-02-28 21:00:00,buy,1.0,1320.11,1316.76,1330.1599999999996,2018-02-28 22:15:00,1316.76,-0.0,-364.9999999999909,324660.89399999916,0.0,1430.4009999998962,0.00438650470568342,5.0
1311,2018-02-28 22:30:00,sell,1.0,1316.53,1320.45,1304.7699999999998,2018-03-01 17:00:00,1304.7699999999998,19.581,1126.419000000022,325787.31299999915,0.0,303.98199999990175,0.0009321990640685536,5.0
1312,2018-03-01 21:45:00,buy,1.0,1311.65,1305.25,1330.8500000000004,2018-03-01 22:15:00,1305.25,-0.0,-670.0000000000091,325117.31299999915,0.0,973.9819999999017,0.0029868383944438156,5.0
1313,2018-03-01 22:15:00,sell,1.0,1307.52,1311.79,1294.71,2018-03-01 23:30:00,1311.79,0.0,-456.9999999999982,324660.31299999915,0.0,1430.9819999999017,0.004388286415311718,5.0
1314,2018-03-02 21:00:00,sell,1.0,1318.15,1325.02,1297.5400000000004,2018-03-05 05:00:00,1325.02,6.527,-723.5269999999891,323936.78599999915,2.0,2154.5089999999036,0.006607073028428771,8.0
1315,2018-03-05 15:30:00,sell,1.0,1325.1,1327.0,1319.3999999999996,2018-03-05 21:00:00,1319.3999999999996,0.0,540.0000000000273,324476.78599999915,0.0,1614.5089999999036,0.004951095060663635,8.0
1316,2018-03-02 22:45:00,buy,1.0,1322.52,1318.14,1335.6599999999996,2018-03-05 22:45:00,1318.14,-12.09,-455.9099999999882,324020.8759999992,3.0,2070.418999999878,0.006349200459337266,8.0
1317,2018-03-06 12:00:00,sell,1.0,1320.63,1323.74,1311.3000000000004,2018-03-06 13:45:00,1323.74,0.0,-340.99999999999,323679.8759999992,0.0,2411.418999999878,0.007394919879722288,8.0
1318,2018-03-06 13:15:00,buy,1.0,1323.01,1320.63,1330.1499999999996,2018-03-06 17:00:00,1330.1499999999996,-0.0,683.9999999999645,324363.8759999991,0.0,1727.4189999999362,0.00529734778721996,8.0
1319,2018-03-06 04:15:00,buy,1.0,1321.24,1317.91,1331.2299999999998,2018-03-06 17:45:00,1331.2299999999998,-0.0,968.9999999999782,325332.8759999991,0.0,758.4189999999362,0.00232578732284141,8.0
1320,2018-03-01 23:45:00,buy,1.0,1311.68,1304.16,1334.24,2018-03-06 19:00:00,1334.24,-36.269999999999996,2262.2699999999945,327595.14599999913,4.0,-1503.8510000000824,-0.004611748375558712,0.0
1321,2018-03-07 08:30:00,sell,1.0,1334.75,1339.03,1321.91,2018-03-08 18:30:00,1321.91,19.581,1234.418999999992,328829.56499999913,1.0,-1234.4189999999944,-0.0037681235972891907,0.0
1322,2018-03-08 06:00:00,buy,1.0,1326.87,1323.12,1338.12,2018-03-08 18:30:00,1323.12,-0.0,-405.0,328424.56499999913,0.0,405.0,0.001231641078258888,0.0
1323,2018-03-09 13:15:00,buy,1.0,1319.96,1317.49,1327.3700000000001,2018-03-09 17:00:00,1317.49,-0.0,-277.00000000000273,328147.56499999913,0.0,682.0,0.002074022754006325,0.0
1324,2018-03-08 13:15:00,sell,1.0,1325.2,1328.38,1315.6599999999999,2018-03-09 17:15:00,1315.6599999999999,6.527,917.473000000019,329065.0379999991,1.0,-235.47299999999814,-0.0007160943694342045,0.0
1325,2018-03-09 17:15:00,sell,1.0,1317.39,1320.18,1309.0200000000002,2018-03-09 17:30:00,1320.18,0.0,-308.99999999999636,328756.0379999991,0.0,309.0,0.000939024096507028,0.0
1326,2018-03-12 05:15:00,sell,1.0,1321.53,1323.84,1314.6000000000001,2018-03-12 06:00:00,1323.84,0.0,-260.99999999999454,328495.0379999991,0.0,570.0,0.0017321803721974303,2.0
1327,2018-03-12 06:00:00,buy,1.0,1323.29,1321.53,1328.57,2018-03-12 11:15:00,1321.53,-0.0,-205.9999999999991,328289.0379999991,0.0,776.0,0.0023581964365354488,2.0
1328,2018-03-12 11:15:00,sell,1.0,1322.13,1323.73,1317.3300000000004,2018-03-12 13:45:00,1317.3300000000004,0.0,449.9999999999727,328739.0379999991,0.0,326.0,0.0009906856163795828,2.0
1329,2018-03-09 19:30:00,buy,1.0,1321.84,1314.37,1344.25,2018-03-13 16:30:00,1314.37,-24.18,-752.8200000000028,327986.2179999991,3.0,1078.820000000007,0.0032784400511123575,3.0
1330,2018-03-12 21:30:00,buy,1.0,1320.49,1315.72,1334.8,2018-03-13 16:30:00,1315.72,-12.09,-494.9099999999982,327491.30799999915,0.0,1573.7299999999814,0.004782428451119701,3.0
1331,2018-03-13 07:45:00,sell,1.0,1321.25,1325.0,1310.0,2018-03-13 16:30:00,1325.0,0.0,-405.0,327086.30799999915,0.0,1978.7299999999814,0.00601318818925998,3.0
1332,2018-03-14 04:45:00,sell,1.0,1324.52,1327.68,1315.0399999999997,2018-03-14 06:00:00,1327.68,0.0,-346.0000000000082,326740.30799999915,0.0,2324.7299999999814,0.0070646520643131575,3.0
1333,2018-03-14 06:00:00,buy,1.0,1326.69,1324.52,1333.2000000000003,2018-03-14 12:00:00,1324.52,-0.0,-247.00000000000728,326493.30799999915,0.0,2571.7299999999814,0.007815263558932044,3.0
1334,2018-03-14 16:45:00,buy,1.0,1326.83,1324.25,1334.5699999999997,2018-03-14 16:45:00,1324.25,-0.0,-287.9999999999927,326205.30799999915,0.0,2859.7299999999814,0.008690470483831798,3.0
1335,2018-03-15 02:30:00,sell,1.0,1324.2,1325.57,1320.0900000000004,2018-03-15 04:00:00,1325.57,0.0,-166.9999999999891,326038.30799999915,0.0,3026.7299999999814,0.009197968943756308,3.0
1336,2018-03-14 17:00:00,sell,1.0,1323.03,1327.26,1310.34,2018-03-15 05:30:00,1327.26,19.581,-472.58100000000184,325565.72699999914,0.0,3499.310999999987,0.010634101456867613,3.0
1337,2018-03-14 22:30:00,buy,1.0,1325.22,1323.0,1331.88,2018-03-15 12:00:00,1323.0,-36.269999999999996,-215.73000000000275,325349.99699999916,0.0,3715.0409999999683,0.011289686144050279,3.0
1338,2018-03-15 04:30:00,buy,1.0,1325.58,1323.63,1331.4299999999994,2018-03-15 12:00:00,1323.63,-0.0,-224.9999999999818,325124.99699999916,0.0,3940.0409999999683,0.011973441554128212,3.0
1339,2018-03-15 11:00:00,sell,1.0,1325.42,1327.55,1319.0300000000004,2018-03-15 17:00:00,1319.0300000000004,0.0,608.9999999999645,325733.9969999991,0.0,3331.0410000000265,0.010122743577517449,3.0
1340,2018-03-13 16:45:00,buy,1.0,1324.92,1317.31,1347.7500000000005,2018-03-15 18:00:00,1317.31,-48.36,-742.6400000000127,324991.3569999991,2.0,4073.6810000000405,0.012379561878585386,3.0
1341,2018-03-16 08:45:00,buy,1.0,1316.83,1314.2,1324.7199999999996,2018-03-16 17:45:00,1314.2,-0.0,-292.9999999999882,324698.3569999991,0.0,4366.6810000000405,0.013269963368153538,3.0
1342,2018-03-14 11:15:00,sell,1.0,1325.37,1329.76,1312.1999999999996,2018-03-16 18:00:00,1312.1999999999996,26.108,1260.89200000003,325959.24899999914,2.0,3105.7889999999898,0.009438222361380116,3.0
1343,2018-03-19 16:00:00,sell,1.0,1310.07,1312.82,1301.82,2018-03-19 16:15:00,1312.82,0.0,-305.0,325654.24899999914,0.0,3410.7889999999898,0.010365090806152426,5.0
1344,2018-03-20 06:30:00,buy,1.0,1317.21,1315.86,1321.2600000000004,2018-03-20 08:30:00,1315.86,-0.0,-165.00000000001364,325489.24899999914,0.0,3575.7889999999898,0.010866511440209578,5.0
1345,2018-03-20 07:30:00,sell,1.0,1316.49,1317.98,1312.02,2018-03-20 14:00:00,1312.02,0.0,417.00000000000273,325906.24899999914,0.0,3158.7889999999898,0.009599284746865142,5.0
1346,2018-03-20 06:00:00,sell,1.0,1316.12,1318.17,1309.9699999999993,2018-03-20 16:15:00,1309.9699999999993,0.0,585.0000000000546,326491.2489999992,0.0,2573.7889999999315,0.00782152068066234,5.0
1347,2018-03-19 14:15:00,buy,1.0,1312.82,1308.52,1325.7199999999998,2018-03-20 17:45:00,1308.52,-12.09,-447.9099999999955,326043.3389999992,1.0,3021.698999999906,0.009182680172786737,5.0
1348,2018-03-19 16:15:00,buy,1.0,1312.61,1308.53,1324.8499999999997,2018-03-20 17:45:00,1308.53,-12.09,-425.90999999999275,325617.42899999925,1.0,3447.6089999998803,0.010476983580370181,5.0
1349,2018-03-21 05:30:00,buy,1.0,1311.88,1309.67,1318.5100000000002,2018-03-21 16:45:00,1318.5100000000002,-0.0,633.0000000000109,326250.42899999925,0.0,2814.6089999998803,0.00855335169335093,5.0
1350,2018-03-16 17:30:00,sell,1.0,1316.46,1320.91,1303.11,2018-03-21 17:15:00,1320.91,19.581,-494.58100000000456,325755.84799999924,4.0,3309.189999999886,0.010056340291003187,5.0
1351,2018-03-22 11:45:00,buy,1.0,1332.28,1327.5,1346.62,2018-03-22 17:45:00,1327.5,-0.0,-507.99999999999727,325247.84799999924,0.0,3817.189999999886,0.011600108061312476,6.0
1352,2018-03-22 18:30:00,buy,1.0,1331.87,1328.64,1341.5599999999993,2018-03-22 19:15:00,1328.64,-0.0,-352.9999999999791,324894.84799999924,0.0,4170.189999999886,0.01267284432690141,6.0
1353,2018-03-22 19:30:00,sell,1.0,1328.99,1331.89,1320.2899999999997,2018-03-23 03:00:00,1331.89,6.527,-326.5270000000091,324568.32099999924,0.0,4496.716999999888,0.013665131450397048,6.0
1354,2018-03-22 14:15:00,sell,1.0,1328.64,1333.48,1314.1200000000003,2018-03-23 04:15:00,1333.48,6.527,-520.5269999999919,324047.79399999924,0.0,5017.24399999989,0.015246967683026549,6.0
1355,2018-03-22 09:00:00,sell,1.0,1329.84,1334.02,1317.2999999999997,2018-03-23 04:30:00,1334.02,6.527,-454.52700000000635,323593.26699999924,0.0,5471.7709999998915,0.016628235662033187,6.0
1356,2018-03-23 02:15:00,buy,1.0,1329.96,1325.1,1344.5400000000004,2018-03-23 16:15:00,1344.5400000000004,-0.0,1428.0000000000382,325021.2669999993,0.0,4043.7709999998333,0.012288667992738396,6.0
1357,2018-03-26 09:00:00,buy,1.0,1347.95,1346.12,1353.4400000000005,2018-03-26 10:30:00,1346.12,-0.0,-213.00000000001546,324808.2669999993,0.0,4256.770999999833,0.012935956447612173,8.0
1358,2018-03-26 10:30:00,sell,1.0,1346.76,1349.84,1337.5200000000002,2018-03-26 18:15:00,1349.84,0.0,-337.9999999999927,324470.2669999993,0.0,4594.770999999833,0.013963109019195912,8.0
1359,2018-03-26 06:15:00,sell,1.0,1346.68,1350.74,1334.5000000000002,2018-03-26 18:30:00,1350.74,0.0,-435.99999999999454,324034.2669999993,0.0,5030.770999999833,0.015288075058280262,8.0
1360,2018-03-27 05:15:00,sell,1.0,1352.41,1354.81,1345.2100000000005,2018-03-27 09:30:00,1354.81,0.0,-269.99999999998636,323764.2669999993,0.0,5300.770999999833,0.01610858155037378,8.0
1361,2018-03-27 08:30:00,buy,1.0,1353.94,1351.12,1362.4000000000005,2018-03-27 13:45:00,1351.12,-0.0,-312.00000000001637,323452.2669999993,0.0,5612.770999999833,0.017056722385681847,8.0
1362,2018-03-26 14:30:00,buy,1.0,1348.76,1343.95,1363.1899999999998,2018-03-27 17:00:00,1343.95,-12.09,-498.90999999999457,322953.3569999993,1.0,6111.680999999808,0.01857286643742391,8.0
1363,2018-03-28 03:15:00,buy,1.0,1345.3,1342.03,1355.11,2018-03-28 10:45:00,1342.03,-0.0,-356.9999999999982,322596.3569999993,0.0,6468.680999999808,0.019657758354747566,8.0
1364,2018-03-27 13:45:00,sell,1.0,1351.52,1356.13,1337.6899999999996,2018-03-28 15:45:00,1337.6899999999996,6.527,1346.4730000000382,323942.8299999994,1.0,5122.207999999751,0.015565944140196884,8.0
1365,2018-03-28 10:00:00,sell,1.0,1343.38,1346.66,1333.5400000000002,2018-03-28 17:30:00,1333.5400000000002,0.0,953.9999999999918,324896.8299999994,0.0,4168.207999999751,0.012666821201466448,8.0
1366,2018-03-29 07:30:00,buy,1.0,1327.95,1324.76,1337.5200000000002,2018-03-29 11:30:00,1324.76,-0.0,-349.00000000000546,324547.8299999994,0.0,4517.207999999751,0.013727401815320664,8.0
1367,2018-03-29 11:30:00,sell,1.0,1325.44,1328.1,1317.4600000000005,2018-04-02 05:00:00,1328.1,13.054,-309.0539999999854,324238.7759999994,3.0,4826.261999999755,0.014666590013126122,11.0
1368,2018-03-30 00:15:00,buy,1.0,1324.22,1322.21,1330.25,2018-04-02 06:00:00,1330.25,-12.09,585.0899999999973,324823.8659999994,3.0,4241.171999999729,0.012888552444759387,11.0
1369,2018-04-03 10:45:00,buy,1.0,1340.66,1337.62,1349.7800000000007,2018-04-03 12:00:00,1337.62,-0.0,-334.0000000000191,324489.8659999994,0.0,4575.171999999729,0.013903549364608407,12.0
1370,2018-04-03 12:00:00,sell,1.0,1338.52,1341.05,1330.93,2018-04-03 16:15:00,1341.05,0.0,-282.99999999999727,324206.8659999994,0.0,4858.171999999729,0.014763561724839764,12.0
1371,2018-04-03 17:00:00,buy,1.0,1338.44,1336.39,1344.59,2018-04-03 17:00:00,1336.39,-0.0,-234.99999999999545,323971.8659999994,0.0,5093.171999999729,0.015477706264254494,12.0
1372,2018-04-03 05:45:00,sell,1.0,1338.02,1342.85,1323.5300000000002,2018-04-04 12:00:00,1342.85,6.527,-519.5269999999928,323452.3389999994,1.0,5612.698999999731,0.017056503583950312,12.0
1373,2018-04-03 17:15:00,sell,1.0,1336.41,1339.98,1325.7000000000003,2018-04-04 12:00:00,1339.98,6.527,-393.5269999999936,323058.8119999994,0.0,6006.225999999733,0.018252397874002492,12.0
1374,2018-04-04 06:15:00,buy,1.0,1334.25,1330.39,1345.8299999999997,2018-04-04 15:45:00,1345.8299999999997,-0.0,1127.99999999997,324186.81199999934,0.0,4878.225999999791,0.014824504084811965,12.0
1375,2018-04-05 15:30:00,buy,1.0,1328.72,1325.36,1338.8000000000004,2018-04-05 16:45:00,1325.36,-0.0,-366.00000000001273,323820.81199999934,0.0,5244.225999999791,0.015936746218538734,13.0
1376,2018-04-05 16:30:00,sell,1.0,1325.73,1329.81,1313.4900000000002,2018-04-06 03:00:00,1329.81,6.527,-444.5269999999927,323376.28499999933,0.0,5688.752999999793,0.01728762506820858,13.0
1377,2018-04-06 00:15:00,buy,1.0,1326.61,1323.98,1334.4999999999995,2018-04-06 11:00:00,1323.98,-0.0,-292.9999999999882,323083.28499999933,0.0,5981.752999999793,0.01817802655777673,13.0
1378,2018-04-06 09:00:00,sell,1.0,1327.88,1332.59,1313.7500000000007,2018-04-06 17:15:00,1332.59,0.0,-500.9999999999809,322582.28499999933,0.0,6482.752999999793,0.019700521937550262,13.0
1379,2018-04-09 06:45:00,buy,1.0,1333.07,1330.67,1340.2699999999995,2018-04-09 11:00:00,1330.67,-0.0,-269.99999999998636,322312.28499999933,0.0,6752.752999999793,0.020521028429643783,15.0
1380,2018-04-09 10:30:00,sell,1.0,1331.23,1333.19,1325.35,2018-04-09 16:45:00,1333.19,0.0,-226.00000000000364,322086.28499999933,0.0,6978.752999999793,0.021207822752655394,15.0
1381,2018-04-09 05:15:00,sell,1.0,1330.67,1334.36,1319.6000000000006,2018-04-09 17:00:00,1334.36,0.0,-398.9999999999827,321687.28499999933,0.0,7377.752999999793,0.022420349013193595,15.0
1382,2018-04-10 06:15:00,sell,1.0,1333.95,1337.99,1321.8300000000002,2018-04-10 15:30:00,1337.99,0.0,-433.99999999999636,321253.28499999933,0.0,7811.752999999793,0.023739237226410585,15.0
1383,2018-04-04 19:00:00,sell,1.0,1336.05,1347.13,1302.8099999999995,2018-04-11 14:15:00,1347.13,45.689,-1183.6890000000155,320069.5959999993,6.0,8995.441999999806,0.027336365037965018,15.0
1384,2018-04-09 16:45:00,buy,1.0,1332.7,1327.19,1349.23,2018-04-11 15:00:00,1349.23,-24.18,1647.1799999999973,321716.7759999993,1.0,7348.261999999813,0.02233072843186651,15.0
1385,2018-04-10 12:00:00,buy,1.0,1337.26,1331.6,1354.2400000000002,2018-04-11 16:30:00,1354.2400000000002,-12.09,1680.0900000000245,323396.86599999934,1.0,5668.171999999788,0.0172250812011205,15.0
1386,2018-04-13 10:45:00,sell,1.0,1337.46,1340.54,1328.2200000000003,2018-04-13 12:00:00,1340.54,0.0,-337.9999999999927,323058.86599999934,0.0,6006.171999999788,0.018252233772704237,16.0
1387,2018-04-13 05:45:00,buy,1.0,1338.31,1334.83,1348.75,2018-04-13 15:00:00,1334.83,-0.0,-378.0000000000018,322680.86599999934,0.0,6384.171999999788,0.019400942861635167,16.0
1388,2018-04-13 12:15:00,buy,1.0,1340.32,1337.08,1350.04,2018-04-13 15:00:00,1337.08,-0.0,-354.0000000000009,322326.86599999934,0.0,6738.171999999788,0.02047671804015778,16.0
1389,2018-04-13 15:30:00,sell,1.0,1337.5,1341.28,1326.16,2018-04-13 17:30:00,1341.28,0.0,-407.99999999999727,321918.86599999934,0.0,7146.171999999788,0.0217165945170991,16.0
1390,2018-04-16 02:30:00,sell,1.0,1340.65,1346.65,1322.65,2018-04-16 05:00:00,1346.65,0.0,-630.0,321288.86599999934,0.0,7776.171999999788,0.023631109665317312,18.0
1391,2018-04-16 10:15:00,sell,1.0,1344.57,1348.2,1333.6799999999996,2018-04-16 17:15:00,1348.2,0.0,-393.0000000000109,320895.86599999934,0.0,8169.171999999788,0.024825402448253434,18.0
1392,2018-04-17 03:45:00,buy,1.0,1347.46,1345.59,1353.0700000000004,2018-04-17 07:00:00,1345.59,-0.0,-217.00000000001182,320678.86599999934,0.0,8386.171999999788,0.02548484655486193,18.0
1393,2018-04-17 07:15:00,sell,1.0,1345.44,1348.68,1335.72,2018-04-17 10:45:00,1348.68,0.0,-354.0000000000009,320324.86599999934,0.0,8740.171999999788,0.026560621733384544,18.0
1394,2018-04-16 17:15:00,buy,1.0,1346.71,1341.92,1361.08,2018-04-17 11:45:00,1341.92,-12.09,-496.9099999999964,319827.95599999937,0.0,9237.081999999762,0.028070687959259245,18.0
1395,2018-04-17 11:00:00,buy,1.0,1348.39,1344.25,1360.8100000000004,2018-04-17 11:45:00,1344.25,-0.0,-444.00000000001,319383.95599999937,0.0,9681.081999999762,0.029419965301813036,18.0
1396,2018-04-16 04:15:00,buy,1.0,1345.1,1340.59,1358.6299999999999,2018-04-17 16:30:00,1340.59,-12.09,-468.9099999999991,318915.0459999994,1.0,10149.991999999736,0.030844941965544707,18.0
1397,2018-04-18 05:00:00,sell,1.0,1345.07,1347.45,1337.9299999999996,2018-04-18 14:30:00,1347.45,0.0,-268.0000000000109,318647.0459999994,0.0,10417.991999999736,0.031659370631770864,18.0
1398,2018-04-16 23:30:00,sell,1.0,1345.93,1349.73,1334.5300000000002,2018-04-18 14:45:00,1349.73,13.054,-423.0539999999954,318223.9919999994,1.0,10841.04599999974,0.03294499490401581,18.0
1399,2018-04-17 12:00:00,sell,1.0,1342.92,1348.65,1325.73,2018-04-18 14:45:00,1348.65,6.527,-609.5270000000019,317614.4649999994,1.0,11450.572999999742,0.0347972943877428,18.0
1400,2018-04-19 05:15:00,sell,1.0,1348.85,1351.28,1341.5599999999997,2018-04-19 06:45:00,1351.28,0.0,-273.00000000000637,317341.4649999994,0.0,11723.572999999742,0.035626917618637365,18.0
1401,2018-04-18 23:15:00,sell,1.0,1347.81,1353.51,1330.7099999999998,2018-04-19 10:30:00,1353.51,19.581,-619.5810000000046,316721.8839999994,0.0,12343.153999999748,0.037509770332999584,18.0
1402,2018-04-19 03:15:00,buy,1.0,1350.99,1347.8,1360.5600000000002,2018-04-19 13:15:00,1347.8,-0.0,-349.00000000000546,316372.8839999994,0.0,12692.153999999748,0.0385703509468538,18.0
1403,2018-04-19 07:15:00,buy,1.0,1352.84,1348.01,1367.3299999999997,2018-04-19 13:15:00,1348.01,-0.0,-512.9999999999927,315859.8839999994,0.0,13205.153999999748,0.04012931328183149,18.0
1404,2018-04-18 12:00:00,buy,1.0,1346.11,1342.8,1356.0399999999997,2018-04-19 19:30:00,1342.8,-36.269999999999996,-324.72999999999456,315535.1539999994,1.0,13529.883999999729,0.04111613947878524,18.0
1405,2018-04-17 19:45:00,buy,1.0,1344.1,1338.82,1359.9399999999998,2018-04-20 17:00:00,1338.82,-60.45,-497.5499999999973,315037.6039999994,2.0,14027.433999999717,0.04262815060893754,18.0
1406,2018-04-13 17:45:00,buy,1.0,1342.16,1336.4,1359.44,2018-04-20 17:15:00,1336.4,-84.63,-521.3699999999991,314516.2339999994,6.0,14548.803999999713,0.04421254864517011,18.0
1407,2018-04-19 13:30:00,sell,1.0,1348.45,1353.91,1332.07,2018-04-23 02:15:00,1332.07,13.054,1594.9460000000108,316111.1799999994,3.0,12953.857999999716,0.039365646617249415,20.0
1408,2018-04-24 04:15:00,buy,1.0,1325.53,1322.46,1334.7399999999998,2018-04-24 05:15:00,1322.46,-0.0,-336.99999999999363,315774.1799999994,0.0,13290.857999999716,0.040389760275899474,21.0
1409,2018-04-24 12:00:00,sell,1.0,1325.52,1327.83,1318.5900000000001,2018-04-24 13:00:00,1327.83,0.0,-260.99999999999454,315513.1799999994,0.0,13551.857999999716,0.04118291655158988,21.0
1410,2018-04-24 13:00:00,buy,1.0,1327.64,1324.82,1336.1000000000006,2018-04-24 16:15:00,1324.82,-0.0,-312.00000000001637,315201.1799999994,0.0,13863.857999999716,0.042131057386897944,21.0
1411,2018-04-24 16:30:00,sell,1.0,1325.08,1327.83,1316.83,2018-04-24 17:45:00,1327.83,0.0,-305.0,314896.1799999994,0.0,14168.857999999716,0.04305792583167026,21.0
1412,2018-04-24 18:00:00,buy,1.0,1329.82,1323.88,1347.6399999999994,2018-04-25 11:00:00,1323.88,-12.09,-611.9099999999827,314284.26999999944,0.0,14780.76799999969,0.04491746704491812,21.0
1413,2018-04-06 17:30:00,buy,1.0,1334.65,1321.45,1374.2500000000002,2018-04-25 15:30:00,1321.45,-205.53,-1144.4700000000046,313139.7999999994,18.0,15925.237999999721,0.048395411730126625,21.0
1414,2018-04-26 13:00:00,sell,1.0,1322.33,1325.61,1312.49,2018-04-26 15:45:00,1325.61,0.0,-357.99999999999727,312781.7999999994,0.0,16283.237999999721,0.049483342560383954,22.0
1415,2018-04-26 15:15:00,buy,1.0,1325.22,1321.87,1335.2700000000004,2018-04-26 16:30:00,1321.87,-0.0,-365.00000000001364,312416.7999999994,0.0,16648.23799999972,0.05059254578117705,22.0
1416,2018-04-25 23:45:00,buy,1.0,1323.42,1319.86,1334.1000000000006,2018-04-26 18:00:00,1319.86,-36.269999999999996,-349.7300000000173,312067.06999999937,0.0,16997.96799999976,0.05165534480147297,22.0
1417,2018-04-25 05:30:00,sell,1.0,1328.53,1332.23,1317.4299999999998,2018-04-26 18:15:00,1317.4299999999998,19.581,1060.4190000000137,313127.48899999936,1.0,15937.548999999766,0.04843282378725329,22.0
1418,2018-04-27 13:00:00,sell,1.0,1316.39,1317.92,1311.8000000000002,2018-04-27 13:15:00,1317.92,0.0,-182.99999999999727,312944.48899999936,0.0,16120.548999999766,0.04898894485411668,22.0
1419,2018-04-27 12:30:00,buy,1.0,1317.73,1316.06,1322.7400000000002,2018-04-27 17:30:00,1322.7400000000002,-0.0,471.0000000000218,313415.48899999936,0.0,15649.548999999766,0.04755761686235354,22.0
1420,2018-04-27 13:15:00,buy,1.0,1317.74,1316.06,1322.7800000000002,2018-04-27 17:30:00,1322.7800000000002,-0.0,474.0000000000191,313889.48899999936,0.0,15175.548999999766,0.04611717213178936,22.0
1421,2018-04-26 18:00:00,sell,1.0,1322.52,1325.44,1313.7599999999998,2018-04-30 15:15:00,1313.7599999999998,13.054,832.9460000000219,314722.43499999936,3.0,14342.60299999977,0.043585921759332596,24.0
1422,2018-04-30 07:15:00,sell,1.0,1321.86,1324.84,1312.9199999999998,2018-04-30 15:45:00,1312.9199999999998,0.0,864.0000000000055,315586.43499999936,0.0,13478.60299999977,0.04096030098463333,24.0
1423,2018-04-30 21:00:00,buy,1.0,1317.04,1310.87,1335.5500000000002,2018-05-01 10:15:00,1310.87,-12.09,-634.9100000000072,314951.5249999993,0.0,14113.512999999803,0.04288973719535601,24.0
1424,2018-04-11 23:00:00,sell,1.0,1349.67,1364.34,1305.6600000000005,2018-05-01 17:45:00,1305.6600000000005,130.54,4240.459999999954,319191.9849999993,19.0,9873.05299999984,0.030003348456604698,24.0
1425,2018-05-01 02:00:00,sell,1.0,1315.55,1318.97,1305.2899999999997,2018-05-01 18:00:00,1305.2899999999997,0.0,996.0000000000218,320187.9849999993,0.0,8877.05299999984,0.026976591174659715,24.0
1426,2018-05-02 16:30:00,sell,1.0,1308.56,1311.35,1300.19,2018-05-02 22:00:00,1311.35,0.0,-308.99999999999636,319878.9849999993,0.0,9186.05299999984,0.027915615271166743,25.0
1427,2018-05-02 22:30:00,buy,1.0,1312.36,1304.67,1335.4299999999994,2018-05-02 23:30:00,1304.67,-0.0,-798.9999999999827,319079.9849999993,0.0,9985.05299999984,0.030343706705176825,25.0
1428,2018-05-02 04:30:00,buy,1.0,1306.69,1303.98,1314.8200000000002,2018-05-02 23:45:00,1303.98,-0.0,-301.00000000000364,318778.9849999993,0.0,10286.05299999984,0.03125841949821442,25.0
1429,2018-05-03 00:00:00,sell,1.0,1304.48,1312.55,1280.2700000000002,2018-05-03 13:15:00,1312.55,0.0,-836.9999999999936,317941.9849999993,0.0,11123.05299999984,0.03380198962370432,25.0
1430,2018-05-03 22:15:00,buy,1.0,1314.44,1311.24,1324.0400000000002,2018-05-03 23:45:00,1311.24,-0.0,-350.00000000000455,317591.9849999993,0.0,11473.05299999984,0.03486560915049222,25.0
1431,2018-05-04 06:15:00,buy,1.0,1313.59,1311.22,1320.6999999999996,2018-05-04 10:15:00,1311.22,-0.0,-266.9999999999891,317324.9849999993,0.0,11740.05299999984,0.0356769989037847,25.0
1432,2018-05-04 00:00:00,sell,1.0,1311.23,1315.06,1299.7400000000002,2018-05-04 16:30:00,1315.06,0.0,-412.9999999999927,316911.9849999993,0.0,12153.05299999984,0.03693206994539442,25.0
1433,2018-05-04 10:15:00,sell,1.0,1311.33,1314.03,1303.2299999999998,2018-05-04 16:30:00,1314.03,0.0,-300.00000000000455,316611.9849999993,0.0,12453.05299999984,0.03784374382549833,25.0
1434,2018-05-04 16:45:00,buy,1.0,1313.93,1308.81,1329.2900000000004,2018-05-04 17:15:00,1308.81,-0.0,-542.0000000000118,316069.9849999993,0.0,12995.05299999984,0.039490834635552724,25.0
1435,2018-05-04 17:45:00,sell,1.0,1309.05,1313.93,1294.4099999999996,2018-05-04 21:15:00,1313.93,0.0,-518.0000000000109,315551.9849999993,0.0,13513.05299999984,0.04106499153519881,25.0
1436,2018-05-04 19:45:00,sell,1.0,1310.49,1313.93,1300.1699999999998,2018-05-04 21:15:00,1313.93,0.0,-374.00000000000546,315177.9849999993,0.0,13887.05299999984,0.04220154497239502,25.0
1437,2018-05-03 21:15:00,sell,1.0,1311.24,1317.64,1292.0399999999997,2018-05-07 04:45:00,1317.64,13.054,-683.0540000000091,314494.9309999993,3.0,14570.106999999844,0.04427728660739669,27.0
1438,2018-05-04 20:00:00,buy,1.0,1311.46,1309.01,1318.8100000000002,2018-05-07 05:00:00,1318.8100000000002,-12.09,717.0900000000137,315212.0209999993,2.0,13853.016999999818,0.042098112531784235,27.0
1439,2018-05-07 19:15:00,buy,1.0,1315.09,1310.74,1328.1399999999996,2018-05-08 09:00:00,1310.74,-12.09,-452.90999999999093,314759.11099999934,0.0,14305.926999999792,0.04347446658857703,28.0
1440,2018-05-04 18:45:00,buy,1.0,1312.71,1308.81,1324.4100000000003,2018-05-08 13:00:00,1308.81,-24.18,-395.8200000000091,314363.2909999993,3.0,14701.7469999998,0.04467732910598615,28.0
1441,2018-05-08 12:00:00,buy,1.0,1313.91,1310.77,1323.3300000000004,2018-05-08 13:00:00,1310.77,-0.0,-344.00000000001,314019.2909999993,0.0,15045.7469999998,0.04572271515517197,28.0
1442,2018-05-08 12:30:00,sell,1.0,1312.34,1314.16,1306.8799999999994,2018-05-08 17:30:00,1306.8799999999994,0.0,516.0000000000491,314535.2909999994,0.0,14529.746999999741,0.04415463608139306,28.0
1443,2018-05-08 06:15:00,sell,1.0,1313.08,1316.45,1302.9699999999996,2018-05-08 22:15:00,1316.45,0.0,-367.0000000000118,314168.2909999994,0.0,14896.746999999741,0.04526991712805351,28.0
1444,2018-05-08 20:30:00,buy,1.0,1314.41,1306.5,1338.1400000000003,2018-05-09 11:00:00,1306.5,-12.09,-808.9100000000082,313359.38099999935,0.0,15705.656999999774,0.047728124189236464,28.0
1445,2018-05-09 05:30:00,sell,1.0,1310.45,1316.35,1292.7500000000005,2018-05-09 18:30:00,1316.35,0.0,-619.9999999999864,312739.38099999935,0.0,16325.656999999774,0.049612250208117874,28.0
1446,2018-05-10 03:15:00,buy,1.0,1313.3,1311.27,1319.3899999999999,2018-05-10 04:30:00,1311.27,-0.0,-232.99999999999727,312506.38099999935,0.0,16558.656999999774,0.05032031692166525,28.0
1447,2018-05-10 04:30:00,sell,1.0,1311.82,1313.3,1307.3799999999999,2018-05-10 05:00:00,1313.3,0.0,-178.00000000000182,312328.38099999935,0.0,16736.656999999774,0.05086124342386023,28.0
1448,2018-05-10 05:30:00,buy,1.0,1313.32,1311.27,1319.4699999999998,2018-05-10 11:00:00,1311.27,-0.0,-234.99999999999545,312093.38099999935,0.0,16971.656999999774,0.05157538796327497,28.0
1449,2018-05-10 11:15:00,sell,1.0,1311.95,1315.31,1301.8700000000003,2018-05-10 13:15:00,1315.31,0.0,-365.99999999999,311727.38099999935,0.0,17337.656999999774,0.05268763009700173,28.0
1450,2018-05-10 00:00:00,sell,1.0,1311.76,1316.41,1297.8099999999997,2018-05-10 14:30:00,1316.41,0.0,-495.0000000000091,311232.38099999935,0.0,17832.656999999774,0.05419189199917319,28.0
1451,2018-05-03 05:00:00,buy,1.0,1308.4,1304.17,1321.0900000000001,2018-05-10 16:30:00,1321.0900000000001,-84.63,1323.6300000000056,312556.01099999936,7.0,16509.02699999977,0.05016949567276671,28.0
1452,2018-05-07 09:45:00,sell,1.0,1314.54,1318.66,1302.1799999999996,2018-05-10 16:30:00,1318.66,32.635,-474.6350000000118,312081.37599999935,3.0,16983.66199999978,0.0516118701130438,28.0
1453,2018-05-11 06:30:00,sell,1.0,1319.71,1321.93,1313.05,2018-05-11 11:45:00,1321.93,0.0,-252.00000000000273,311829.37599999935,0.0,17235.66199999978,0.052377676172331085,28.0
1454,2018-05-10 13:15:00,buy,1.0,1314.98,1311.68,1324.8799999999999,2018-05-11 13:45:00,1324.8799999999999,-12.09,972.0899999999864,312801.4659999993,1.0,16263.571999999811,0.049423579298630484,28.0
1455,2018-05-11 12:00:00,buy,1.0,1321.6,1318.66,1330.4199999999994,2018-05-11 22:15:00,1318.66,-0.0,-323.9999999999827,312477.4659999993,0.0,16587.57199999981,0.05040818708914271,28.0
1456,2018-05-14 10:30:00,buy,1.0,1320.74,1319.32,1325.0000000000002,2018-05-14 11:00:00,1319.32,-0.0,-172.00000000000728,312305.4659999993,0.0,16759.57199999981,0.050930880113735616,30.0
1457,2018-05-14 11:15:00,buy,1.0,1320.84,1319.32,1325.3999999999999,2018-05-14 14:30:00,1319.32,-0.0,-181.99999999999818,312123.4659999993,0.0,16941.57199999981,0.05148396226766532,30.0
1458,2018-05-14 05:00:00,buy,1.0,1322.06,1317.93,1334.4499999999996,2018-05-14 21:15:00,1317.93,-0.0,-442.9999999999882,311680.4659999993,0.0,17384.57199999981,0.05283020069728543,30.0
1459,2018-05-14 14:30:00,sell,1.0,1320.04,1321.35,1316.1100000000001,2018-05-14 21:45:00,1316.1100000000001,0.0,362.99999999998363,312043.4659999993,0.0,17021.57199999981,0.0517270753023597,30.0
1460,2018-05-14 11:00:00,sell,1.0,1319.68,1322.06,1312.5400000000004,2018-05-15 08:15:00,1312.5400000000004,6.527,677.4729999999645,312720.93899999926,0.0,16344.098999999871,0.049668293840441094,30.0
1461,2018-05-14 08:30:00,sell,1.0,1319.37,1322.06,1311.2999999999997,2018-05-15 08:45:00,1311.2999999999997,6.527,770.4730000000163,313491.41199999925,1.0,15573.625999999873,0.0473268934756901,30.0
1462,2018-05-11 19:15:00,sell,1.0,1321.35,1325.62,1308.54,2018-05-15 15:00:00,1308.54,13.054,1237.9459999999945,314729.35799999925,3.0,14335.679999999877,0.04356488336509306,30.0
1463,2018-05-09 16:00:00,buy,1.0,1311.38,1305.42,1329.2600000000002,2018-05-15 16:30:00,1305.42,-72.53999999999999,-553.4600000000037,314175.89799999923,6.0,14889.139999999898,0.04524680011736749,30.0
1464,2018-05-16 06:30:00,buy,1.0,1294.1,1290.42,1305.1399999999994,2018-05-16 13:15:00,1290.42,-0.0,-397.99999999998363,313777.89799999923,0.0,15287.139999999898,0.04645628746497201,30.0
1465,2018-05-17 02:00:00,sell,1.0,1290.84,1293.25,1283.6099999999997,2018-05-17 06:00:00,1293.25,0.0,-271.0000000000082,313506.89799999923,0.0,15558.139999999898,0.04727983286999921,30.0
1466,2018-05-17 05:15:00,sell,1.0,1289.93,1292.8,1281.3200000000004,2018-05-17 06:00:00,1292.8,0.0,-316.9999999999891,313189.89799999923,0.0,15875.139999999898,0.04824316826997568,30.0
1467,2018-05-17 06:00:00,buy,1.0,1292.02,1289.93,1298.2899999999997,2018-05-17 10:15:00,1289.93,-0.0,-238.99999999999181,312950.89799999923,0.0,16114.139999999898,0.048969468461125126,30.0
1468,2018-05-17 02:15:00,buy,1.0,1291.3,1288.51,1299.6699999999998,2018-05-17 10:30:00,1288.51,-0.0,-308.99999999999636,312641.89799999923,0.0,16423.139999999898,0.049908492557632154,30.0
1469,2018-05-16 21:15:00,buy,1.0,1291.45,1287.15,1304.35,2018-05-17 14:15:00,1287.15,-36.269999999999996,-423.72999999999547,312218.16799999925,0.0,16846.86999999988,0.051196171135020195,30.0
1470,2018-05-17 19:45:00,sell,1.0,1288.27,1290.19,1282.5099999999998,2018-05-17 20:00:00,1290.19,0.0,-222.00000000000728,311996.16799999925,0.0,17068.86999999988,0.05187080980629709,30.0
1471,2018-05-18 10:15:00,buy,1.0,1290.43,1287.84,1298.2000000000005,2018-05-18 13:15:00,1287.84,-0.0,-289.00000000001455,311707.16799999925,0.0,17357.86999999988,0.05274905564413052,30.0
1472,2018-05-17 18:30:00,buy,1.0,1290.19,1286.29,1301.8900000000003,2018-05-18 13:45:00,1286.29,-12.09,-407.9100000000091,311299.2579999992,0.0,17765.77999999991,0.053988658618907906,30.0
1473,2018-05-17 20:15:00,buy,1.0,1289.77,1286.29,1300.21,2018-05-18 13:45:00,1286.29,-12.09,-365.91000000000184,310933.34799999924,0.0,18131.689999999886,0.055100627250470574,30.0
1474,2018-05-18 04:00:00,sell,1.0,1289.48,1291.36,1283.8400000000004,2018-05-18 18:30:00,1291.36,0.0,-217.99999999998818,310715.34799999924,0.0,18349.689999999886,0.055763110270012746,30.0
1475,2018-05-18 12:45:00,sell,1.0,1288.78,1290.6,1283.3200000000002,2018-05-18 18:30:00,1290.6,0.0,-211.99999999999363,310503.34799999924,0.0,18561.689999999886,0.05640735981195284,30.0
1476,2018-05-18 18:15:00,buy,1.0,1289.22,1286.3,1297.9800000000002,2018-05-21 09:30:00,1286.3,-12.09,-309.9100000000073,310193.4379999992,2.0,18871.59999999992,0.05734914931922962,32.0
1477,2018-05-17 10:30:00,sell,1.0,1289.82,1294.17,1276.7699999999995,2018-05-22 12:00:00,1294.17,19.581,-484.58100000001366,309708.8569999992,5.0,19356.180999999924,0.05882174878754508,33.0
1478,2018-05-21 03:15:00,sell,1.0,1290.45,1293.83,1280.3100000000004,2018-05-22 12:00:00,1293.83,6.527,-374.52699999998816,309334.3299999992,1.0,19730.707999999926,0.05995990373185734,33.0
1479,2018-05-22 06:15:00,sell,1.0,1290.03,1293.14,1280.6999999999996,2018-05-22 12:00:00,1293.14,0.0,-341.00000000001273,308993.3299999992,0.0,20071.707999999926,0.06099617304224212,33.0
1480,2018-05-23 04:00:00,buy,1.0,1293.45,1291.0,1300.8000000000002,2018-05-23 09:30:00,1291.0,-0.0,-275.00000000000455,308718.3299999992,0.0,20346.707999999926,0.061831874099004036,33.0
1481,2018-05-23 07:45:00,sell,1.0,1292.33,1294.51,1285.7899999999997,2018-05-23 13:00:00,1294.51,0.0,-248.00000000000637,308470.3299999992,0.0,20594.707999999926,0.0625855245065566,33.0
1482,2018-05-16 13:30:00,sell,1.0,1291.63,1296.44,1277.2000000000003,2018-05-23 13:45:00,1296.44,45.689,-556.6889999999945,307913.6409999992,7.0,21151.39699999994,0.06427725390869386,33.0
1483,2018-05-22 19:00:00,sell,1.0,1292.2,1295.59,1282.0300000000004,2018-05-23 13:45:00,1295.59,6.527,-375.52699999998725,307538.1139999992,0.0,21526.92399999994,0.0654184477659398,33.0
1484,2018-05-22 12:15:00,buy,1.0,1294.21,1288.79,1310.4700000000003,2018-05-23 17:00:00,1288.79,-12.09,-559.9100000000072,306978.20399999915,1.0,22086.833999999973,0.06711996550663651,33.0
1485,2018-05-23 12:45:00,buy,1.0,1292.38,1289.56,1300.8400000000006,2018-05-23 17:00:00,1289.56,-0.0,-312.00000000001637,306666.20399999915,0.0,22398.833999999973,0.06806810634194457,33.0
1486,2018-05-23 17:15:00,sell,1.0,1289.3,1297.38,1265.0599999999995,2018-05-24 11:15:00,1297.38,19.581,-857.5810000000155,305808.62299999915,0.0,23256.41499999998,0.07067422033452257,33.0
1487,2018-05-21 17:15:00,buy,1.0,1287.39,1282.75,1301.3100000000004,2018-05-24 17:45:00,1301.3100000000004,-60.45,1422.45000000003,307231.07299999916,3.0,21833.964999999967,0.06635151863200983,33.0
1488,2018-05-25 04:45:00,sell,1.0,1302.85,1306.02,1293.3399999999997,2018-05-25 14:15:00,1306.02,0.0,-347.0000000000073,306884.07299999916,0.0,22180.964999999967,0.0674060214199967,33.0
1489,2018-05-25 11:45:00,buy,1.0,1303.16,1302.06,1306.4600000000005,2018-05-25 14:15:00,1306.4600000000005,-0.0,300.0000000000409,307184.0729999992,0.0,21880.96499999991,0.06649434753989261,33.0
1490,2018-05-29 02:15:00,sell,1.0,1297.33,1299.44,1290.9999999999995,2018-05-29 04:00:00,1299.44,0.0,-241.00000000001273,306943.0729999992,0.0,22121.96499999991,0.06722672555690941,36.0
1491,2018-05-29 04:15:00,buy,1.0,1299.88,1297.12,1308.1600000000008,2018-05-29 10:45:00,1297.12,-0.0,-306.0000000000218,306637.0729999992,0.0,22427.96499999991,0.0681566329146154,36.0
1492,2018-05-29 08:00:00,sell,1.0,1297.5,1300.09,1289.7300000000002,2018-05-29 12:15:00,1300.09,0.0,-288.9999999999918,306348.0729999992,0.0,22716.96499999991,0.06903487875244883,36.0
1493,2018-05-28 14:15:00,buy,1.0,1298.15,1295.65,1305.65,2018-05-29 12:30:00,1305.65,-12.09,732.09,307080.16299999924,0.0,21984.874999999884,0.06681012098283119,36.0
1494,2018-05-29 12:30:00,buy,1.0,1303.66,1296.09,1326.3700000000006,2018-05-29 17:00:00,1296.09,-0.0,-787.0000000000164,306293.16299999924,0.0,22771.874999999884,0.06920174546163711,36.0
1495,2018-05-30 03:45:00,buy,1.0,1302.36,1298.64,1313.5199999999993,2018-05-30 07:15:00,1298.64,-0.0,-401.99999999998,305891.16299999924,0.0,23173.874999999884,0.07042338846097636,36.0
1496,2018-05-30 06:15:00,sell,1.0,1300.1,1302.48,1292.9599999999996,2018-05-30 19:15:00,1302.48,0.0,-268.0000000000109,305623.16299999924,0.0,23441.874999999884,0.07123781712720251,36.0
1497,2018-05-30 00:45:00,sell,1.0,1299.01,1304.18,1283.4999999999998,2018-05-30 20:00:00,1304.18,0.0,-547.0000000000073,305076.16299999924,0.0,23988.874999999884,0.07290010250192532,36.0
1498,2018-05-29 17:00:00,sell,1.0,1297.7,1304.7,1276.7,2018-05-31 04:30:00,1304.7,26.108,-756.108,304320.05499999924,1.0,24744.98299999989,0.07519784888238402,36.0
1499,2018-05-31 16:45:00,sell,1.0,1301.34,1305.73,1288.1699999999996,2018-05-31 18:45:00,1305.73,0.0,-469.00000000001,303851.05499999924,0.0,25213.98299999989,0.07662309904827981,36.0
1500,2018-05-30 16:45:00,buy,1.0,1302.02,1296.25,1319.33,2018-06-01 14:45:00,1296.25,-48.36,-558.6399999999982,303292.4149999992,1.0,25772.622999999905,0.07832075736955067,36.0
1501,2018-06-01 12:00:00,buy,1.0,1299.15,1297.99,1302.6300000000003,2018-06-01 14:45:00,1297.99,-0.0,-146.00000000000819,303146.4149999992,0.0,25918.622999999905,0.07876443865786792,36.0
1502,2018-05-29 19:45:00,buy,1.0,1303.44,1294.61,1329.9300000000005,2018-06-01 15:30:00,1294.61,-60.45,-852.5500000000154,302293.86499999923,2.0,26771.172999999893,0.0813552638794765,36.0
1503,2018-05-25 18:45:00,sell,1.0,1302.93,1307.44,1289.4,2018-06-01 16:30:00,1289.4,45.689,1277.3109999999972,303571.1759999992,6.0,25493.861999999906,0.0774736269612452,36.0
1504,2018-06-01 15:00:00,sell,1.0,1297.99,1299.65,1293.0099999999998,2018-06-01 16:30:00,1293.0099999999998,0.0,468.00000000002456,304039.1759999992,0.0,25025.861999999906,0.0760514157082831,36.0
1505,2018-06-04 12:15:00,buy,1.0,1293.75,1291.07,1301.7900000000002,2018-06-05 04:45:00,1291.07,-12.09,-285.9100000000064,303753.2659999992,0.0,25311.77199999994,0.07692027130515156,39.0
1506,2018-06-05 12:00:00,sell,1.0,1291.77,1293.02,1288.02,2018-06-05 16:00:00,1293.02,0.0,-155.0,303598.2659999992,0.0,25466.77199999994,0.07739130280987191,39.0
1507,2018-06-05 14:45:00,sell,1.0,1291.29,1293.02,1286.1,2018-06-05 16:00:00,1293.02,0.0,-203.00000000000182,303395.2659999992,0.0,25669.77199999994,0.07800820213540889,39.0
1508,2018-06-04 19:45:00,sell,1.0,1293.61,1297.52,1281.8799999999997,2018-06-05 19:30:00,1297.52,6.527,-427.5270000000082,302967.7389999992,0.0,26097.29899999994,0.07930741946520618,39.0
1509,2018-06-05 11:15:00,buy,1.0,1292.56,1290.25,1299.4899999999998,2018-06-05 20:15:00,1299.4899999999998,-0.0,662.9999999999836,303630.7389999992,0.0,25434.29899999994,0.07729262019017653,39.0
1510,2018-06-05 12:15:00,buy,1.0,1292.4,1290.25,1298.8500000000004,2018-06-05 20:15:00,1298.8500000000004,-0.0,615.0000000000273,304245.7389999992,0.0,24819.29899999994,0.07542368873596351,39.0
1511,2018-06-06 08:45:00,sell,1.0,1296.66,1297.87,1293.0300000000007,2018-06-06 09:15:00,1297.87,0.0,-150.9999999999809,304094.7389999992,0.0,24970.29899999994,0.07588256458894915,39.0
1512,2018-06-06 09:30:00,buy,1.0,1297.8,1296.64,1301.2799999999995,2018-06-06 12:30:00,1296.64,-0.0,-145.99999999998545,303948.7389999992,0.0,25116.29899999994,0.07632624587726639,39.0
1513,2018-06-06 13:15:00,sell,1.0,1295.38,1298.93,1284.7300000000002,2018-06-06 17:00:00,1298.93,0.0,-384.99999999999545,303563.7389999992,0.0,25501.29899999994,0.07749622735673307,39.0
1514,2018-06-05 16:30:00,buy,1.0,1293.25,1290.6,1301.2000000000003,2018-06-06 18:00:00,1301.2000000000003,-12.09,777.0900000000273,304340.8289999992,1.0,24724.208999999915,0.07513471850509984,39.0
1515,2018-06-07 04:45:00,sell,1.0,1296.53,1297.97,1292.2099999999998,2018-06-07 09:15:00,1297.97,0.0,-174.00000000000546,304166.8289999992,0.0,24898.208999999915,0.07566348935556011,39.0
1516,2018-06-06 22:00:00,sell,1.0,1295.22,1300.54,1279.2600000000002,2018-06-07 16:15:00,1300.54,19.581,-581.5809999999937,303585.2479999992,0.0,25479.78999999992,0.0774308633784425,39.0
1517,2018-06-07 09:15:00,buy,1.0,1297.6,1296.2,1301.7999999999995,2018-06-07 16:15:00,1301.7999999999995,-0.0,389.9999999999591,303975.24799999915,0.0,25089.78999999998,0.07624568733430759,39.0
1518,2018-06-07 03:45:00,buy,1.0,1297.53,1295.21,1304.4899999999998,2018-06-07 17:45:00,1295.21,-0.0,-261.99999999999363,303713.24799999915,0.0,25351.78999999998,0.07704188252293168,39.0
1519,2018-06-06 17:15:00,buy,1.0,1298.47,1294.66,1309.8999999999999,2018-06-08 09:15:00,1294.66,-48.36,-362.63999999999453,303350.60799999913,1.0,25714.429999999993,0.07814391390920132,39.0
1520,2018-06-08 12:15:00,buy,1.0,1298.4,1294.66,1309.6200000000001,2018-06-11 14:30:00,1294.66,-12.09,-391.91000000000093,302958.69799999916,3.0,26106.339999999967,0.07933489427703966,42.0
1521,2018-06-11 09:15:00,sell,1.0,1298.22,1300.83,1290.3900000000003,2018-06-11 18:45:00,1300.83,0.0,-290.99999999999,302667.69799999916,0.0,26397.339999999967,0.08021921794074045,42.0
1522,2018-06-12 14:15:00,buy,1.0,1298.27,1296.86,1302.5000000000002,2018-06-12 15:30:00,1296.86,-0.0,-171.00000000000819,302496.69799999916,0.0,26568.339999999967,0.08073887205239967,42.0
1523,2018-06-11 17:00:00,buy,1.0,1298.82,1294.95,1310.4299999999996,2018-06-12 16:15:00,1294.95,-12.09,-404.9099999999891,302091.7879999992,0.0,26973.24999999994,0.08196935828837584,42.0
1524,2018-06-12 15:15:00,sell,1.0,1297.68,1298.52,1295.1600000000003,2018-06-12 16:15:00,1295.1600000000003,0.0,221.99999999997544,302313.7879999992,0.0,26751.24999999994,0.08129471961709896,42.0
1525,2018-06-12 18:30:00,buy,1.0,1297.85,1293.88,1309.7599999999993,2018-06-13 11:30:00,1293.88,-12.09,-414.90999999998,301898.8779999992,0.0,27166.159999999916,0.08255559498241193,42.0
1526,2018-06-13 16:45:00,buy,1.0,1295.22,1293.38,1300.7399999999998,2018-06-13 22:30:00,1293.38,-0.0,-213.99999999999181,301684.8779999992,0.0,27380.159999999916,0.08320592235021938,42.0
1527,2018-06-12 21:00:00,sell,1.0,1296.54,1299.34,1288.14,2018-06-13 22:45:00,1299.34,6.527,-316.52699999999544,301368.3509999992,1.0,27696.686999999918,0.08416782034437822,42.0
1528,2018-06-12 03:15:00,sell,1.0,1298.34,1300.76,1291.0799999999997,2018-06-13 23:00:00,1300.76,6.527,-278.52700000000726,301089.8239999992,1.0,27975.21399999992,0.08501423964705723,42.0
1529,2018-06-14 06:30:00,sell,1.0,1298.0,1300.73,1289.81,2018-06-14 10:00:00,1300.73,0.0,-303.0000000000018,300786.8239999992,0.0,28278.21399999992,0.08593503026596218,42.0
1530,2018-06-07 18:15:00,sell,1.0,1297.19,1302.54,1281.1400000000003,2018-06-14 10:45:00,1302.54,45.689,-610.6889999999909,300176.1349999992,6.0,28888.902999999933,0.08779086096651814,42.0
1531,2018-06-14 08:00:00,buy,1.0,1299.16,1297.81,1303.2100000000005,2018-06-14 11:00:00,1303.2100000000005,-0.0,375.0000000000409,300551.13499999925,0.0,28513.902999999875,0.08665126861638808,42.0
1532,2018-06-14 21:30:00,buy,1.0,1304.63,1301.97,1312.6100000000004,2018-06-14 22:00:00,1301.97,-0.0,-296.0000000000082,300255.13499999925,0.0,28809.902999999875,0.08755078684475727,42.0
1533,2018-05-23 23:00:00,buy,1.0,1294.31,1288.91,1310.5099999999995,2018-06-15 17:00:00,1288.91,-302.25,-267.74999999998636,299987.38499999925,22.0,29077.652999999875,0.08836445578275001,42.0
1534,2018-06-14 21:15:00,sell,1.0,1303.66,1308.25,1289.8900000000003,2018-06-15 17:00:00,1289.8900000000003,6.527,1340.4729999999754,301327.85799999925,0.0,27737.179999999877,0.08429087504580159,42.0
1535,2018-06-14 21:45:00,sell,1.0,1303.09,1308.25,1287.6099999999997,2018-06-15 17:00:00,1287.6099999999997,6.527,1511.4730000000245,302839.33099999925,0.0,26225.70699999988,0.07969764019719393,42.0
1536,2018-06-18 05:45:00,buy,1.0,1281.87,1278.43,1292.1899999999994,2018-06-18 10:45:00,1278.43,-0.0,-373.9999999999827,302465.33099999925,0.0,26599.70699999988,0.08083419363439014,44.0
1537,2018-06-18 12:45:00,buy,1.0,1281.86,1278.94,1290.6199999999994,2018-06-18 16:30:00,1278.94,-0.0,-321.99999999998454,302143.33099999925,0.0,26921.70699999988,0.081812723599035,44.0
1538,2018-06-18 16:00:00,sell,1.0,1279.16,1281.86,1271.0600000000006,2018-06-19 04:00:00,1281.86,6.527,-306.5269999999818,301836.80399999925,0.0,27228.23399999988,0.08274423246385705,44.0
1539,2018-06-18 07:00:00,sell,1.0,1279.48,1282.3,1271.0200000000002,2018-06-19 05:15:00,1282.3,6.527,-318.5269999999936,301518.27699999925,0.0,27546.760999999882,0.08371220828388325,44.0
1540,2018-06-19 03:30:00,buy,1.0,1279.07,1277.49,1283.8099999999997,2018-06-19 06:30:00,1283.8099999999997,-0.0,443.9999999999782,301962.27699999925,0.0,27102.760999999882,0.08236293094132946,44.0
1541,2018-06-20 16:30:00,buy,1.0,1273.71,1271.83,1279.3500000000004,2018-06-20 21:30:00,1271.83,-0.0,-218.0000000000109,301744.27699999925,0.0,27320.760999999882,0.08302541396087164,45.0
1542,2018-06-19 11:00:00,sell,1.0,1280.2,1283.87,1269.1900000000005,2018-06-20 22:30:00,1269.1900000000005,6.527,1064.4729999999536,302808.7499999992,1.0,26256.287999999942,0.07979057319361899,45.0
1543,2018-06-20 20:45:00,sell,1.0,1272.49,1275.2,1264.36,2018-06-21 09:15:00,1264.36,19.581,763.4190000000109,303572.1689999992,0.0,25492.868999999948,0.07747060932070217,45.0
1544,2018-06-22 04:45:00,buy,1.0,1268.15,1267.17,1271.0900000000001,2018-06-22 05:45:00,1267.17,-0.0,-128.00000000000182,303444.1689999992,0.0,25620.868999999948,0.07785959017621318,45.0
1545,2018-06-22 07:00:00,sell,1.0,1267.47,1268.47,1264.47,2018-06-22 07:30:00,1268.47,0.0,-130.0,303314.1689999992,0.0,25750.868999999948,0.07825464885759154,45.0
1546,2018-06-22 09:00:00,sell,1.0,1267.32,1268.47,1263.8699999999997,2018-06-22 09:30:00,1268.47,0.0,-145.0000000000091,303169.1689999992,0.0,25895.868999999948,0.0786952912329751,45.0
1547,2018-06-22 04:15:00,sell,1.0,1267.27,1269.77,1259.77,2018-06-22 10:15:00,1269.77,0.0,-280.0,302889.1689999992,0.0,26175.868999999948,0.07954618685440541,45.0
1548,2018-06-22 07:15:00,buy,1.0,1267.91,1267.17,1270.13,2018-06-22 10:30:00,1270.13,-0.0,192.00000000000273,303081.1689999992,0.0,25983.868999999948,0.0789627155711389,45.0
1549,2018-06-22 09:30:00,buy,1.0,1268.26,1267.17,1271.5299999999997,2018-06-22 17:00:00,1267.17,-0.0,-138.99999999999181,302942.1689999992,0.0,26122.868999999948,0.07938512446892039,45.0
1550,2018-06-22 17:15:00,sell,1.0,1268.11,1270.29,1261.5699999999997,2018-06-22 18:30:00,1270.29,0.0,-248.00000000000637,302694.1689999992,0.0,26370.868999999948,0.08013877487647296,45.0
1551,2018-06-22 21:00:00,sell,1.0,1268.57,1270.47,1262.8699999999997,2018-06-25 02:30:00,1270.47,6.527,-226.52700000000908,302467.6419999992,2.0,26597.39599999995,0.08082717070660062,47.0
1552,2018-06-22 22:45:00,buy,1.0,1269.69,1268.11,1274.4300000000005,2018-06-25 07:00:00,1268.11,-12.09,-175.91000000001546,302291.73199999915,2.0,26773.305999999982,0.08136174588076432,47.0
1553,2018-06-22 18:00:00,buy,1.0,1269.3,1267.83,1273.71,2018-06-25 07:45:00,1267.83,-12.09,-164.91000000000273,302126.82199999917,2.0,26938.215999999957,0.08186289301265735,47.0
1554,2018-06-25 15:15:00,sell,1.0,1267.29,1270.24,1258.4399999999998,2018-06-25 16:30:00,1270.24,0.0,-325.00000000000455,301801.82199999917,0.0,27263.215999999957,0.08285053971610326,47.0
1555,2018-06-25 13:00:00,buy,1.0,1269.78,1264.85,1284.5700000000002,2018-06-25 23:30:00,1264.85,-0.0,-523.0000000000064,301278.82199999917,0.0,27786.215999999957,0.08443989118041774,47.0
1556,2018-06-25 15:45:00,buy,1.0,1269.65,1264.85,1284.0500000000006,2018-06-25 23:30:00,1264.85,-0.0,-510.0000000000182,300768.82199999917,0.0,28296.215999999957,0.0859897367765944,47.0
1557,2018-06-21 17:15:00,buy,1.0,1265.75,1262.27,1276.19,2018-06-26 11:30:00,1262.27,-36.269999999999996,-341.73000000000184,300427.0919999992,4.0,28637.945999999938,0.08702822449342071,47.0
1558,2018-06-25 17:30:00,sell,1.0,1266.72,1270.24,1256.16,2018-06-26 13:30:00,1256.16,6.527,1019.4729999999945,301446.5649999992,0.0,27618.47299999994,0.08393013480818345,47.0
1559,2018-06-25 07:15:00,sell,1.0,1267.95,1271.98,1255.8600000000001,2018-06-26 15:45:00,1255.8600000000001,6.527,1172.4729999999918,302619.0379999992,1.0,26445.99999999994,0.08036709144409322,47.0
1560,2018-06-26 19:30:00,buy,1.0,1260.77,1255.35,1277.0300000000002,2018-06-27 05:30:00,1255.35,-12.09,-559.9100000000072,302059.12799999915,0.0,27005.909999999974,0.08206860918478992,47.0
1561,2018-06-27 11:45:00,buy,1.0,1258.02,1254.22,1269.4199999999998,2018-06-27 17:30:00,1254.22,-0.0,-409.99999999999545,301649.12799999915,0.0,27415.909999999974,0.08331456348759861,47.0
1562,2018-06-28 15:00:00,buy,1.0,1252.86,1249.32,1263.4799999999998,2018-06-28 19:45:00,1249.32,-0.0,-383.99999999999636,301265.12799999915,0.0,27799.909999999974,0.08448150605413161,48.0
1563,2018-06-26 22:00:00,sell,1.0,1257.91,1261.93,1245.8500000000001,2018-06-28 22:30:00,1245.8500000000001,26.108,1149.8919999999946,302415.01999999915,2.0,26650.017999999982,0.08098708438299682,48.0
1564,2018-06-28 19:00:00,sell,1.0,1250.38,1252.89,1242.8500000000001,2018-06-29 20:00:00,1252.89,6.527,-287.5269999999991,302127.49299999914,1.0,26937.544999999984,0.08186085390207894,48.0
1565,2018-06-29 07:45:00,buy,1.0,1248.8,1246.67,1255.1899999999996,2018-06-29 20:45:00,1255.1899999999996,-0.0,608.9999999999645,302736.4929999991,0.0,26328.545000000042,0.08001015592546817,48.0
1566,2018-06-27 17:00:00,sell,1.0,1254.99,1259.26,1242.18,2018-07-02 20:45:00,1242.18,32.635,1218.3649999999946,303954.8579999991,5.0,25110.18000000005,0.07630765076902554,51.0
1567,2018-07-02 05:15:00,sell,1.0,1251.05,1253.95,1242.3499999999997,2018-07-02 20:45:00,1242.3499999999997,0.0,840.0000000000273,304794.8579999991,0.0,24270.18000000005,0.07375496390473459,51.0
1568,2018-07-03 11:15:00,buy,1.0,1243.05,1238.46,1256.8199999999997,2018-07-03 19:45:00,1256.8199999999997,-0.0,1346.9999999999754,306141.8579999991,0.0,22923.18000000005,0.06966154818306802,51.0
1569,2018-07-04 20:30:00,buy,1.0,1257.88,1254.55,1267.8700000000006,2018-07-05 08:45:00,1254.55,-36.269999999999996,-326.7300000000155,305815.12799999904,0.0,23249.91000000009,0.07065445220588931,52.0
1570,2018-07-05 06:00:00,sell,1.0,1255.8,1257.88,1249.5599999999995,2018-07-05 19:00:00,1257.88,0.0,-238.00000000001546,305577.12799999904,0.0,23487.91000000009,0.07137771348410508,52.0
1571,2018-07-06 05:45:00,sell,1.0,1254.51,1258.37,1242.9300000000003,2018-07-06 16:30:00,1258.37,0.0,-415.99999999999,305161.12799999904,0.0,23903.91000000009,0.07264190126451585,52.0
1572,2018-07-06 13:30:00,sell,1.0,1254.44,1256.42,1248.5,2018-07-06 16:30:00,1256.42,0.0,-228.00000000000182,304933.12799999904,0.0,24131.91000000009,0.07333477341339481,52.0
1573,2018-07-06 17:15:00,buy,1.0,1256.82,1253.62,1266.42,2018-07-06 19:30:00,1253.62,-0.0,-350.00000000000455,304583.12799999904,0.0,24481.91000000009,0.07439839294018272,52.0
1574,2018-07-06 19:45:00,sell,1.0,1253.95,1256.83,1245.3100000000004,2018-07-09 04:45:00,1256.83,6.527,-324.52699999998816,304258.60099999903,2.0,24806.437000000093,0.07538460223781099,54.0
1575,2018-07-09 02:45:00,buy,1.0,1255.27,1253.95,1259.2299999999998,2018-07-09 06:15:00,1259.2299999999998,-0.0,365.9999999999809,304624.60099999903,0.0,24440.437000000093,0.07427236010408422,54.0
1576,2018-07-04 13:30:00,sell,1.0,1256.74,1260.61,1245.1300000000003,2018-07-09 10:00:00,1260.61,32.635,-449.6349999999891,304174.965999999,4.0,24890.072000000102,0.07563876172101933,54.0
1577,2018-07-10 06:30:00,buy,1.0,1259.33,1257.41,1265.0899999999995,2018-07-10 09:30:00,1257.41,-0.0,-221.99999999998454,303952.965999999,0.0,25112.072000000102,0.07631340039229621,54.0
1578,2018-07-06 11:00:00,buy,1.0,1256.42,1253.19,1266.1100000000001,2018-07-10 12:45:00,1253.19,-24.18,-328.8200000000018,303624.145999999,4.0,25440.89200000011,0.0773126557431488,54.0
1579,2018-07-10 09:15:00,sell,1.0,1258.33,1259.91,1253.5899999999995,2018-07-10 12:45:00,1253.5899999999995,0.0,444.0000000000464,304068.1459999991,0.0,24996.89200000005,0.07596337840059483,54.0
1580,2018-07-05 16:45:00,buy,1.0,1255.93,1251.54,1269.1000000000004,2018-07-10 14:45:00,1251.54,-36.269999999999996,-432.73000000001,303635.4159999991,4.0,25429.622000000032,0.07727840719438599,54.0
1581,2018-07-09 19:15:00,sell,1.0,1261.45,1265.37,1249.6900000000005,2018-07-10 15:00:00,1249.6900000000005,6.527,1139.4729999999536,304774.88899999904,0.0,24290.149000000092,0.07381564795710736,54.0
1582,2018-07-11 04:45:00,sell,1.0,1254.52,1256.22,1249.4199999999998,2018-07-11 05:15:00,1249.4199999999998,0.0,480.00000000001364,305254.88899999904,0.0,23810.149000000092,0.07235696974894111,54.0
1583,2018-07-11 12:15:00,buy,1.0,1253.13,1250.36,1261.4400000000007,2018-07-11 13:00:00,1250.36,-0.0,-307.0000000000209,304947.88899999904,0.0,24117.149000000092,0.07328991601958078,54.0
1584,2018-07-10 19:00:00,buy,1.0,1254.34,1248.09,1273.09,2018-07-11 19:00:00,1248.09,-12.09,-642.91,304304.97899999906,1.0,24760.059000000067,0.07524366353377271,54.0
1585,2018-07-11 13:00:00,sell,1.0,1250.93,1253.13,1244.33,2018-07-11 21:00:00,1244.33,0.0,630.0000000000136,304934.97899999906,0.0,24130.059000000067,0.0733291483855545,54.0
1586,2018-07-12 15:15:00,sell,1.0,1242.97,1245.73,1234.69,2018-07-12 16:30:00,1245.73,0.0,-305.9999999999991,304628.97899999906,0.0,24436.059000000067,0.07425905574326049,54.0
1587,2018-07-13 03:45:00,sell,1.0,1245.93,1247.07,1242.5100000000004,2018-07-13 05:00:00,1247.07,0.0,-143.99999999998727,304484.97899999906,0.0,24580.059000000067,0.07469665920571036,54.0
1588,2018-07-13 05:30:00,buy,1.0,1247.49,1245.92,1252.1999999999998,2018-07-13 07:15:00,1245.92,-0.0,-186.99999999999363,304297.97899999906,0.0,24767.059000000067,0.07526493592430847,54.0
1589,2018-07-12 16:45:00,buy,1.0,1245.59,1242.95,1253.5099999999995,2018-07-13 11:15:00,1242.95,-12.09,-281.9099999999873,304016.0689999991,0.0,25048.96900000004,0.07612163586944204,54.0
1590,2018-07-12 08:30:00,buy,1.0,1243.9,1241.36,1251.5200000000007,2018-07-13 11:30:00,1241.36,-12.09,-271.9100000000191,303744.15899999905,1.0,25320.879000000074,0.07694794668523898,54.0
1591,2018-07-13 07:45:00,sell,1.0,1245.95,1247.74,1240.5800000000002,2018-07-13 12:30:00,1240.5800000000002,0.0,506.9999999999891,304251.15899999905,0.0,24813.879000000074,0.07540721782786337,54.0
1592,2018-07-13 21:30:00,sell,1.0,1240.96,1243.3,1233.9400000000003,2018-07-16 05:15:00,1243.3,6.527,-270.5269999999918,303980.63199999905,2.0,25084.406000000075,0.07622932582707295,56.0
1593,2018-07-16 04:30:00,buy,1.0,1242.37,1240.96,1246.5999999999995,2018-07-16 17:00:00,1240.96,-0.0,-170.99999999998545,303809.63199999905,0.0,25255.406000000075,0.07674897993873218,56.0
1594,2018-07-13 19:45:00,buy,1.0,1242.26,1237.83,1255.5500000000002,2018-07-17 05:15:00,1237.83,-24.18,-448.82000000000636,303360.81199999904,3.0,25704.226000000082,0.07811290484162632,56.0
1595,2018-07-17 02:00:00,buy,1.0,1240.07,1238.62,1244.42,2018-07-17 05:15:00,1238.62,-0.0,-175.00000000000455,303185.81199999904,0.0,25879.226000000082,0.07864471460502027,56.0
1596,2018-07-17 03:15:00,sell,1.0,1240.49,1241.11,1238.6300000000003,2018-07-17 05:15:00,1238.6300000000003,0.0,155.99999999996726,303341.811999999,0.0,25723.22600000014,0.07817064418736641,56.0
1597,2018-07-16 16:45:00,sell,1.0,1242.26,1244.79,1234.67,2018-07-17 13:00:00,1244.79,6.527,-289.52699999999726,303052.284999999,0.0,26012.753000000142,0.0790504915323159,56.0
1598,2018-07-17 07:15:00,buy,1.0,1240.88,1238.18,1248.9800000000002,2018-07-17 17:00:00,1238.18,-0.0,-300.00000000000455,302752.284999999,0.0,26312.753000000142,0.07996216541241982,56.0
1599,2018-07-17 15:30:00,sell,1.0,1240.96,1244.64,1229.9199999999998,2018-07-17 18:15:00,1229.9199999999998,0.0,1074.000000000019,303826.284999999,0.0,25238.753000000142,0.07669837292164781,56.0
1600,2018-07-18 18:30:00,sell,1.0,1223.47,1225.16,1218.3999999999999,2018-07-18 19:00:00,1225.16,0.0,-199.00000000000546,303627.284999999,0.0,25437.753000000142,0.07730311659545007,57.0
1601,2018-07-18 17:30:00,buy,1.0,1225.09,1221.74,1235.1399999999996,2018-07-19 11:00:00,1221.74,-36.269999999999996,-328.7299999999909,303298.554999999,0.0,25766.483000000124,0.07830209844413855,57.0
1602,2018-07-18 19:00:00,buy,1.0,1224.32,1222.35,1230.23,2018-07-19 11:00:00,1222.35,-36.269999999999996,-190.73000000000275,303107.824999999,0.0,25957.213000000105,0.07888171030797922,57.0
1603,2018-07-19 05:45:00,sell,1.0,1224.78,1228.41,1213.8899999999996,2018-07-19 16:15:00,1213.8899999999996,0.0,1059.0000000000327,304166.8249999991,0.0,24898.213000000047,0.07566350151121223,57.0
1604,2018-07-20 05:45:00,sell,1.0,1217.29,1223.8,1197.76,2018-07-20 11:00:00,1223.8,0.0,-680.9999999999991,303485.8249999991,0.0,25579.213000000047,0.07773300121904812,57.0
1605,2018-07-23 16:15:00,buy,1.0,1231.11,1228.4,1239.2399999999993,2018-07-23 16:45:00,1228.4,-0.0,-300.9999999999809,303184.8249999991,0.0,25880.213000000047,0.0786477140120857,60.0
1606,2018-07-23 16:30:00,sell,1.0,1229.53,1231.51,1223.59,2018-07-23 20:15:00,1223.59,0.0,564.0000000000055,303748.8249999991,0.0,25316.213000000047,0.07693376711749035,60.0
1607,2018-07-23 09:45:00,sell,1.0,1230.91,1234.68,1219.6000000000001,2018-07-24 08:45:00,1219.6000000000001,6.527,1094.4729999999945,304843.2979999991,0.0,24221.74000000005,0.07360775896222714,60.0
1608,2018-07-25 04:45:00,buy,1.0,1226.46,1224.03,1233.7500000000002,2018-07-25 07:00:00,1224.03,-0.0,-273.00000000000637,304570.2979999991,0.0,24494.74000000005,0.0744373821931217,60.0
1609,2018-07-25 07:15:00,sell,1.0,1223.76,1226.61,1215.2100000000003,2018-07-25 09:30:00,1226.61,0.0,-314.9999999999909,304255.2979999991,0.0,24809.74000000005,0.0753946397672308,60.0
1610,2018-07-24 20:45:00,sell,1.0,1224.85,1228.95,1212.5499999999995,2018-07-25 12:45:00,1228.95,6.527,-446.52700000001363,303808.7709999991,0.0,25256.26700000005,0.07675159644276801,60.0
1611,2018-07-25 19:45:00,sell,1.0,1228.7,1233.94,1212.98,2018-07-26 05:00:00,1233.94,19.581,-573.5810000000009,303235.1899999991,0.0,25829.848000000056,0.07849465916218096,60.0
1612,2018-07-25 10:00:00,buy,1.0,1226.36,1223.76,1234.1599999999996,2018-07-26 05:15:00,1234.1599999999996,-36.269999999999996,786.2699999999727,304021.45999999903,0.0,25043.578000000096,0.07610525308981674,60.0
1613,2018-07-25 21:45:00,buy,1.0,1232.59,1228.37,1245.25,2018-07-26 11:30:00,1228.37,-36.269999999999996,-415.73000000000275,303605.72999999905,0.0,25459.308000000077,0.07736862036373535,60.0
1614,2018-07-26 07:45:00,sell,1.0,1231.65,1234.41,1223.3700000000001,2018-07-26 22:15:00,1223.3700000000001,0.0,797.9999999999973,304403.72999999905,0.0,24661.308000000077,0.07494356784265895,60.0
1615,2018-07-27 09:30:00,sell,1.0,1223.31,1224.5,1219.7399999999998,2018-07-27 09:45:00,1224.5,0.0,-149.00000000000546,304254.72999999905,0.0,24810.308000000077,0.07539636586977722,60.0
1616,2018-07-27 10:30:00,sell,1.0,1222.75,1224.5,1217.5,2018-07-27 11:15:00,1224.5,0.0,-205.0,304049.72999999905,0.0,25015.308000000077,0.07601934302118156,60.0
1617,2018-07-27 08:15:00,buy,1.0,1224.5,1222.63,1230.1099999999997,2018-07-27 12:15:00,1222.63,-0.0,-216.9999999999891,303832.72999999905,0.0,25232.308000000077,0.07667878712779005,60.0
1618,2018-07-27 09:45:00,buy,1.0,1224.15,1222.63,1228.71,2018-07-27 12:15:00,1222.63,-0.0,-181.99999999999818,303650.72999999905,0.0,25414.308000000077,0.07723186928171975,60.0
1619,2018-07-27 11:30:00,buy,1.0,1225.02,1222.63,1232.1899999999996,2018-07-27 12:15:00,1222.63,-0.0,-268.99999999998727,303381.72999999905,0.0,25683.308000000077,0.0780493368608796,60.0
1620,2018-07-24 12:00:00,buy,1.0,1224.15,1218.88,1239.96,2018-07-27 12:45:00,1218.88,-60.45,-496.5499999999982,302885.17999999906,3.0,26179.858000000066,0.07955830907809822,60.0
1621,2018-07-27 12:30:00,sell,1.0,1219.8,1225.02,1204.1399999999999,2018-07-27 17:00:00,1225.02,0.0,-552.0000000000027,302333.17999999906,0.0,26731.858000000066,0.08123578901748942,60.0
1622,2018-07-30 13:00:00,buy,1.0,1221.88,1219.73,1228.3300000000004,2018-07-31 08:00:00,1219.73,-12.09,-232.9100000000091,302100.269999999,0.0,26964.7680000001,0.08194358222887285,63.0
1623,2018-07-31 10:00:00,buy,1.0,1222.17,1219.91,1228.95,2018-07-31 11:30:00,1219.91,-0.0,-255.9999999999991,301844.269999999,0.0,27220.7680000001,0.08272154393989485,63.0
1624,2018-07-31 11:00:00,buy,1.0,1222.18,1219.91,1228.99,2018-07-31 11:30:00,1219.91,-0.0,-256.9999999999982,301587.269999999,0.0,27477.7680000001,0.08350254456385053,63.0
1625,2018-07-27 17:15:00,buy,1.0,1224.79,1218.52,1243.6,2018-07-31 11:45:00,1218.52,-24.18,-632.8199999999982,300954.449999999,3.0,28110.588000000105,0.08542562944654175,63.0
1626,2018-07-31 10:45:00,sell,1.0,1221.16,1222.64,1216.72,2018-07-31 16:30:00,1222.64,0.0,-178.00000000000182,300776.449999999,0.0,28288.588000000105,0.08596655594873674,63.0
1627,2018-07-31 11:45:00,sell,1.0,1219.01,1222.64,1208.1199999999997,2018-07-31 16:30:00,1222.64,0.0,-393.0000000000109,300383.449999999,0.0,28681.588000000105,0.08716084873167286,63.0
1628,2018-07-20 09:45:00,buy,1.0,1222.06,1217.21,1236.6099999999997,2018-07-31 17:00:00,1217.21,-108.81,-406.1899999999909,299977.259999999,11.0,29087.778000000108,0.08839522477620422,63.0
1629,2018-07-30 22:30:00,sell,1.0,1222.55,1224.82,1215.74,2018-07-31 17:00:00,1215.74,6.527,644.4729999999945,300621.732999999,0.0,28443.30500000011,0.08643672744109687,63.0
1630,2018-07-27 23:30:00,sell,1.0,1222.6,1226.55,1210.7499999999998,2018-07-31 20:30:00,1226.55,13.054,-438.0540000000045,300183.678999999,3.0,28881.359000000113,0.08776793540734701,63.0
1631,2018-08-01 12:45:00,buy,1.0,1223.75,1220.47,1233.59,2018-08-01 17:15:00,1220.47,-0.0,-357.99999999999727,299825.678999999,0.0,29239.359000000113,0.08885586623760434,63.0
1632,2018-07-31 18:15:00,buy,1.0,1222.4,1215.86,1242.0200000000007,2018-08-01 23:30:00,1215.86,-12.09,-671.9100000000191,299153.768999999,1.0,29911.269000000146,0.09089774222687318,63.0
1633,2018-08-01 05:00:00,sell,1.0,1222.99,1225.39,1215.7899999999997,2018-08-01 23:30:00,1215.7899999999997,0.0,690.0000000000273,299843.768999999,0.0,29221.269000000146,0.08880089230263417,63.0
1634,2018-08-02 05:30:00,buy,1.0,1219.9,1215.81,1232.1700000000005,2018-08-02 13:30:00,1215.81,-0.0,-439.00000000001455,299404.768999999,0.0,29660.269000000146,0.09013497508051957,63.0
1635,2018-08-01 17:00:00,sell,1.0,1221.5,1223.75,1214.75,2018-08-02 15:30:00,1214.75,19.581,625.419,300030.187999999,0.0,29034.85000000015,0.08823438119245056,63.0
1636,2018-07-19 21:15:00,buy,1.0,1222.92,1212.68,1253.64,2018-08-02 21:00:00,1212.68,-169.26,-884.7400000000009,299145.447999999,13.0,29919.590000000142,0.0909230290213943,63.0
1637,2018-08-02 11:30:00,sell,1.0,1218.26,1220.42,1211.7799999999997,2018-08-02 21:15:00,1211.7799999999997,0.0,618.0000000000246,299763.447999999,0.0,29301.590000000142,0.08904498082838025,63.0
1638,2018-08-03 14:30:00,buy,1.0,1207.87,1204.53,1217.8899999999996,2018-08-03 18:15:00,1217.8899999999996,-0.0,971.9999999999754,300735.447999999,0.0,28329.590000000142,0.08609115745684358,63.0
1639,2018-08-06 05:00:00,buy,1.0,1215.19,1213.14,1221.34,2018-08-06 10:00:00,1213.14,-0.0,-234.99999999999545,300500.447999999,0.0,28564.590000000142,0.08680530199625831,65.0
1640,2018-08-07 05:15:00,buy,1.0,1209.37,1207.06,1216.2999999999997,2018-08-08 16:30:00,1207.06,-12.09,-248.90999999999454,300251.537999999,1.0,28813.500000000116,0.08756171781458046,67.0
1641,2018-08-08 03:30:00,buy,1.0,1212.17,1208.81,1222.2500000000005,2018-08-08 16:30:00,1208.81,-0.0,-366.00000000001273,299885.537999999,0.0,29179.500000000116,0.08867395994830722,67.0
1642,2018-08-08 13:30:00,sell,1.0,1212.63,1215.26,1204.7400000000005,2018-08-09 06:30:00,1215.26,19.581,-312.5809999999882,299572.956999999,0.0,29492.081000000122,0.08962386639202978,67.0
1643,2018-08-06 09:45:00,sell,1.0,1213.98,1217.26,1204.14,2018-08-09 10:00:00,1217.26,32.635,-390.63499999999726,299182.321999999,3.0,29882.71600000013,0.09081097214587777,67.0
1644,2018-08-07 18:15:00,sell,1.0,1211.63,1216.0,1198.5200000000004,2018-08-09 10:00:00,1216.0,26.108,-493.1079999999891,298689.213999999,1.0,30375.82400000014,0.09230948442477872,67.0
1645,2018-08-09 11:30:00,sell,1.0,1212.0,1216.0,1200.0,2018-08-09 16:15:00,1216.0,0.0,-430.0,298259.213999999,0.0,30805.82400000014,0.09361621698626099,67.0
1646,2018-08-10 06:00:00,buy,1.0,1212.93,1211.75,1216.4700000000003,2018-08-10 06:30:00,1211.75,-0.0,-148.00000000000637,298111.213999999,0.0,30953.82400000014,0.09406597610044559,67.0
1647,2018-08-09 14:15:00,buy,1.0,1214.9,1211.23,1225.9100000000003,2018-08-10 08:45:00,1211.23,-12.09,-384.9100000000073,297726.30399999896,0.0,31338.73400000017,0.09523568407774835,67.0
1648,2018-08-10 06:45:00,sell,1.0,1212.23,1213.01,1209.89,2018-08-10 09:00:00,1209.89,0.0,203.99999999999181,297930.30399999896,0.0,31134.73400000017,0.09461574583927769,67.0
1649,2018-08-09 20:00:00,sell,1.0,1213.86,1215.89,1207.7699999999993,2018-08-10 09:45:00,1207.7699999999993,6.527,572.47300000006,298502.776999999,0.0,30562.261000000115,0.0928760502353951,67.0
1650,2018-08-08 21:30:00,buy,1.0,1213.09,1206.95,1231.5099999999995,2018-08-10 10:00:00,1206.95,-48.36,-595.6399999999873,297907.136999999,1.0,31157.90100000013,0.09468614833521212,67.0
1651,2018-08-13 02:45:00,buy,1.0,1213.04,1211.01,1219.1299999999999,2018-08-13 04:00:00,1211.01,-0.0,-232.99999999999727,297674.136999999,0.0,31390.90100000013,0.09539421504875949,69.0
1652,2018-08-10 15:00:00,buy,1.0,1210.18,1206.69,1220.65,2018-08-13 11:15:00,1206.69,-12.09,-366.91000000000093,297307.226999999,2.0,31757.811000000103,0.09650922259325583,69.0
1653,2018-08-03 23:45:00,sell,1.0,1213.45,1219.52,1195.2400000000002,2018-08-13 15:30:00,1195.2400000000002,52.216,1738.783999999981,299046.010999999,9.0,30019.02700000012,0.09122520940678054,69.0
1654,2018-08-10 21:30:00,sell,1.0,1211.27,1216.34,1196.0600000000002,2018-08-13 15:30:00,1196.0600000000002,6.527,1484.4729999999809,300530.483999999,2.0,28534.55400000012,0.08671402520738224,69.0
1655,2018-08-13 04:30:00,sell,1.0,1209.37,1213.73,1196.2899999999995,2018-08-13 15:30:00,1196.2899999999995,0.0,1278.0000000000382,301808.48399999907,0.0,27256.554000000062,0.0828302944781394,69.0
1656,2018-08-14 09:45:00,sell,1.0,1194.05,1195.95,1188.3499999999997,2018-08-14 10:15:00,1195.95,0.0,-220.0000000000091,301588.48399999907,0.0,27476.554000000062,0.08349885532354895,69.0
1657,2018-08-14 13:00:00,sell,1.0,1193.99,1195.82,1188.5000000000002,2018-08-14 16:00:00,1195.82,0.0,-212.99999999999272,301375.48399999907,0.0,27689.554000000062,0.08414614377842272,69.0
1658,2018-08-14 15:15:00,sell,1.0,1194.68,1195.82,1191.2600000000004,2018-08-14 16:00:00,1195.82,0.0,-143.99999999998727,301231.48399999907,0.0,27833.554000000062,0.0845837472408726,69.0
1659,2018-08-14 14:45:00,buy,1.0,1194.85,1193.97,1197.4899999999996,2018-08-14 18:00:00,1197.4899999999996,-0.0,233.99999999996453,301465.483999999,0.0,27599.55400000012,0.08387264161439172,69.0
1660,2018-08-14 16:15:00,buy,1.0,1196.26,1193.99,1203.07,2018-08-14 20:45:00,1193.99,-0.0,-256.9999999999982,301208.483999999,0.0,27856.55400000012,0.0846536422383474,69.0
1661,2018-08-14 06:45:00,buy,1.0,1195.95,1192.76,1205.5200000000002,2018-08-14 21:00:00,1192.76,-0.0,-349.00000000000546,300859.483999999,0.0,28205.55400000012,0.08571422285220162,69.0
1662,2018-08-14 10:00:00,buy,1.0,1194.79,1192.78,1200.82,2018-08-14 21:00:00,1192.78,-0.0,-230.9999999999991,300628.483999999,0.0,28436.55400000012,0.08641621173988163,69.0
1663,2018-08-14 21:00:00,sell,1.0,1193.57,1197.88,1180.6399999999994,2018-08-15 17:45:00,1180.6399999999994,6.527,1256.4730000000518,301884.95699999906,0.0,27180.081000000064,0.08259789968936213,69.0
1664,2018-08-17 09:45:00,sell,1.0,1174.77,1178.57,1163.3700000000001,2018-08-17 12:00:00,1178.57,0.0,-409.99999999999545,301474.95699999906,0.0,27590.081000000064,0.0838438539921708,70.0
1665,2018-08-17 21:45:00,sell,1.0,1177.07,1180.03,1168.1899999999998,2018-08-17 22:45:00,1180.03,0.0,-326.00000000000364,301148.95699999906,0.0,27916.081000000064,0.08483453960855039,70.0
1666,2018-08-16 21:15:00,sell,1.0,1176.94,1181.25,1164.0100000000002,2018-08-17 23:00:00,1181.25,6.527,-467.52699999999453,300681.42999999906,1.0,28383.608000000066,0.08625531345569486,70.0
1667,2018-08-17 22:15:00,buy,1.0,1178.69,1177.07,1183.5500000000004,2018-08-17 23:45:00,1183.5500000000004,-0.0,456.00000000003547,301137.4299999991,0.0,27927.608000000007,0.08486956915793674,70.0
1668,2018-08-20 16:45:00,sell,1.0,1185.59,1188.73,1176.1699999999996,2018-08-20 20:15:00,1188.73,0.0,-344.00000000001,300793.4299999991,0.0,28271.608000000007,0.08591495520712256,72.0
1669,2018-08-17 12:15:00,buy,1.0,1178.53,1174.03,1192.03,2018-08-21 04:00:00,1192.03,-24.18,1344.18,302137.6099999991,3.0,26927.428000000014,0.081830109219929,72.0
1670,2018-08-21 15:00:00,sell,1.0,1193.76,1195.53,1188.45,2018-08-21 19:00:00,1188.45,0.0,500.99999999999454,302638.6099999991,0.0,26426.428000000014,0.08030761384015547,72.0
1671,2018-08-20 20:15:00,buy,1.0,1187.87,1184.96,1196.5999999999995,2018-08-22 00:45:00,1196.5999999999995,-24.18,867.1799999999563,303505.78999999905,1.0,25559.24800000008,0.0776723293223273,72.0
1672,2018-08-17 05:30:00,buy,1.0,1178.54,1172.29,1197.29,2018-08-22 04:15:00,1197.29,-36.269999999999996,1881.27,305387.05999999907,4.0,23677.97800000006,0.07195531358758363,72.0
1673,2018-08-22 10:15:00,sell,1.0,1194.1,1197.55,1183.7499999999998,2018-08-22 13:15:00,1197.55,0.0,-375.00000000000455,305012.05999999907,0.0,24052.97800000006,0.07309490593771352,72.0
1674,2018-08-22 13:15:00,buy,1.0,1197.23,1192.77,1210.6100000000001,2018-08-23 05:00:00,1192.77,-36.269999999999996,-439.73000000000366,304572.3299999991,0.0,24492.708000000042,0.07443120712204043,72.0
1675,2018-08-21 21:45:00,buy,1.0,1194.25,1187.77,1213.69,2018-08-23 11:00:00,1187.77,-48.36,-629.6400000000018,303942.6899999991,1.0,25122.348000000056,0.07634462826160257,72.0
1676,2018-08-23 16:30:00,buy,1.0,1191.09,1187.05,1203.2099999999998,2018-08-23 20:15:00,1187.05,-0.0,-433.99999999999636,303508.6899999991,0.0,25556.348000000056,0.07766351647481956,72.0
1677,2018-08-23 19:00:00,sell,1.0,1189.36,1192.23,1180.7499999999995,2018-08-24 14:00:00,1192.23,6.527,-323.5270000000118,303185.16299999907,0.0,25879.87500000006,0.07864668685951416,72.0
1678,2018-08-24 07:30:00,buy,1.0,1186.25,1183.86,1193.4200000000003,2018-08-24 16:15:00,1193.4200000000003,-0.0,687.00000000003,303872.1629999991,0.0,25192.875,0.07655895367407603,72.0
1679,2018-08-22 19:00:00,sell,1.0,1195.71,1200.93,1180.05,2018-08-24 18:00:00,1200.93,26.108,-578.1080000000027,303294.0549999991,1.0,25770.983000000007,0.07831577355233975,72.0
1680,2018-08-27 06:45:00,sell,1.0,1205.13,1207.72,1197.3600000000004,2018-08-27 07:30:00,1207.72,0.0,-288.9999999999918,303005.0549999991,0.0,26059.983000000007,0.07919401939017319,74.0
1681,2018-08-27 07:00:00,buy,1.0,1205.77,1204.02,1211.02,2018-08-27 12:30:00,1204.02,-0.0,-205.0,302800.0549999991,0.0,26264.983000000007,0.07981699654157752,74.0
1682,2018-08-27 11:15:00,sell,1.0,1205.35,1207.28,1199.5599999999997,2018-08-27 17:30:00,1207.28,0.0,-223.00000000000637,302577.0549999991,0.0,26487.983000000007,0.0804946741257881,74.0
1683,2018-08-28 06:15:00,sell,1.0,1209.23,1211.7,1201.82,2018-08-28 10:45:00,1211.7,0.0,-277.00000000000273,302300.0549999991,0.0,26764.983000000007,0.08133645300841738,74.0
1684,2018-08-16 09:15:00,buy,1.0,1174.55,1161.83,1212.71,2018-08-28 12:00:00,1212.71,-120.9,3906.9000000000083,306206.95499999914,12.0,22858.082999999984,0.06946372406782408,74.0
1685,2018-08-28 10:45:00,buy,1.0,1210.04,1208.17,1215.6499999999996,2018-08-28 18:15:00,1208.17,-0.0,-216.9999999999891,305989.95499999914,0.0,23075.082999999984,0.07012316817443258,74.0
1686,2018-08-27 16:30:00,buy,1.0,1206.52,1203.24,1216.36,2018-08-28 22:15:00,1203.24,-12.09,-345.9099999999973,305644.04499999917,1.0,23420.99299999996,0.07117435854732164,74.0
1687,2018-08-29 10:45:00,sell,1.0,1201.83,1204.59,1193.55,2018-08-29 11:00:00,1204.59,0.0,-305.9999999999991,305338.04499999917,0.0,23726.99299999996,0.07210426590502764,74.0
1688,2018-08-29 11:45:00,buy,1.0,1204.16,1201.83,1211.1500000000005,2018-08-29 12:00:00,1201.83,-0.0,-263.00000000001546,305075.04499999917,0.0,23989.99299999996,0.0729035000065854,74.0
1689,2018-08-29 12:00:00,sell,1.0,1202.5,1204.59,1196.2300000000002,2018-08-29 12:45:00,1204.59,0.0,-238.99999999999181,304836.04499999917,0.0,24228.99299999996,0.07362980019773484,74.0
1690,2018-08-29 16:00:00,sell,1.0,1202.2,1204.73,1194.6100000000001,2018-08-29 17:00:00,1204.73,0.0,-282.99999999999727,304553.04499999917,0.0,24511.99299999996,0.07448981255796619,74.0
1691,2018-08-29 07:30:00,buy,1.0,1204.54,1200.42,1216.8999999999996,2018-08-30 09:45:00,1200.42,-36.269999999999996,-405.7299999999891,304147.3149999992,1.0,24917.72299999994,0.075722790702548,74.0
1692,2018-08-29 13:30:00,buy,1.0,1204.1,1201.83,1210.9099999999999,2018-08-30 09:45:00,1201.83,-36.269999999999996,-220.7299999999982,303926.5849999992,0.0,25138.45299999992,0.07639356995439907,74.0
1693,2018-08-29 17:00:00,buy,1.0,1204.03,1202.16,1209.6399999999996,2018-08-30 09:45:00,1202.16,-36.269999999999996,-180.7299999999891,303745.8549999992,0.0,25319.182999999903,0.07694279268890294,74.0
1694,2018-08-30 05:45:00,sell,1.0,1205.17,1207.33,1198.6900000000005,2018-08-30 17:30:00,1198.6900000000005,0.0,617.9999999999563,304363.85499999917,0.0,24701.18299999996,0.07506474449588907,74.0
1695,2018-08-30 15:30:00,buy,1.0,1204.62,1200.85,1215.9299999999998,2018-08-30 17:30:00,1200.85,-0.0,-406.9999999999982,303956.85499999917,0.0,25108.18299999996,0.0763015820598967,74.0
1696,2018-08-30 17:45:00,sell,1.0,1199.16,1206.18,1178.1000000000001,2018-08-31 11:00:00,1206.18,6.527,-738.5269999999982,303218.32799999916,0.0,25846.709999999963,0.07854590131206839,74.0
1697,2018-08-31 06:00:00,buy,1.0,1202.37,1198.73,1213.2899999999995,2018-08-31 20:15:00,1198.73,-0.0,-393.99999999998727,302824.32799999916,0.0,26240.709999999963,0.07974323300793819,74.0
1698,2018-09-04 03:30:00,buy,1.0,1201.43,1200.34,1204.7000000000005,2018-09-04 04:00:00,1200.34,-0.0,-139.00000000001455,302685.32799999916,0.0,26379.709999999963,0.08016564190571966,77.0
1699,2018-09-03 18:45:00,buy,1.0,1201.96,1199.1,1210.5400000000004,2018-09-04 05:00:00,1199.1,-12.09,-303.91000000001276,302381.41799999913,0.0,26683.619999999995,0.08108919793539436,77.0
1700,2018-09-04 04:00:00,sell,1.0,1200.73,1201.96,1197.04,2018-09-04 10:15:00,1197.04,0.0,339.00000000000546,302720.41799999913,0.0,26344.619999999995,0.08005900645087694,77.0
1701,2018-09-03 09:15:00,buy,1.0,1200.45,1195.99,1213.8300000000002,2018-09-04 10:45:00,1195.99,-12.09,-463.91000000000366,302256.5079999991,1.0,26808.530000000028,0.08146878854994039,77.0
1702,2018-09-04 02:45:00,sell,1.0,1200.39,1201.96,1195.6800000000003,2018-09-04 10:45:00,1195.6800000000003,0.0,440.9999999999809,302697.5079999991,0.0,26367.530000000028,0.08012862794618764,77.0
1703,2018-08-31 16:15:00,sell,1.0,1204.07,1207.99,1192.3099999999997,2018-09-04 15:00:00,1192.3099999999997,13.054,1132.9460000000217,303830.4539999991,3.0,25234.58400000003,0.07668570369362697,77.0
1704,2018-09-05 10:30:00,sell,1.0,1192.03,1194.42,1184.8599999999997,2018-09-05 11:00:00,1194.42,0.0,-269.00000000001,303561.4539999991,0.0,25503.58400000003,0.0775031712727868,77.0
1705,2018-09-05 11:00:00,sell,1.0,1192.48,1194.42,1186.6599999999999,2018-09-05 11:00:00,1194.42,0.0,-224.00000000000546,303337.4539999991,0.0,25727.58400000003,0.07818388776993106,77.0
1706,2018-09-05 10:45:00,buy,1.0,1193.19,1191.98,1196.8200000000002,2018-09-05 11:15:00,1191.98,-0.0,-151.00000000000364,303186.4539999991,0.0,25878.58400000003,0.0786427636229167,77.0
1707,2018-09-05 11:15:00,buy,1.0,1193.32,1192.01,1197.2499999999998,2018-09-05 11:15:00,1192.01,-0.0,-160.99999999999454,303025.4539999991,0.0,26039.58400000003,0.07913202860523913,77.0
1708,2018-09-05 11:30:00,sell,1.0,1192.58,1194.42,1187.0599999999995,2018-09-05 12:30:00,1194.42,0.0,-214.00000000001455,302811.4539999991,0.0,26253.58400000003,0.07978235597304659,77.0
1709,2018-09-05 11:45:00,buy,1.0,1193.45,1192.01,1197.7700000000002,2018-09-05 17:15:00,1197.7700000000002,-0.0,402.00000000001637,303213.4539999991,0.0,25851.58400000003,0.07856071297370734,77.0
1710,2018-09-06 09:15:00,sell,1.0,1196.9,1199.3,1189.7000000000005,2018-09-06 11:45:00,1199.3,0.0,-269.99999999998636,302943.4539999991,0.0,26121.58400000003,0.07938121946580086,77.0
1711,2018-09-05 05:45:00,buy,1.0,1193.51,1191.03,1200.95,2018-09-06 12:00:00,1200.95,-36.269999999999996,750.2700000000054,303693.7239999991,1.0,25371.314000000013,0.07710121425904894,77.0
1712,2018-09-03 16:00:00,sell,1.0,1199.91,1203.56,1188.9600000000005,2018-09-06 13:15:00,1203.56,32.635,-427.63499999998635,303266.0889999991,2.0,25798.949000000022,0.07840075979144308,77.0
1713,2018-09-07 03:45:00,buy,1.0,1200.93,1198.8,1207.3200000000004,2018-09-07 11:00:00,1198.8,-0.0,-243.0000000000109,303023.0889999991,0.0,26041.949000000022,0.07913921563432726,77.0
1714,2018-09-06 11:45:00,buy,1.0,1198.95,1195.85,1208.2500000000005,2018-09-07 16:30:00,1195.85,-12.09,-327.91000000001367,302695.1789999991,1.0,26369.859000000055,0.08013570557441026,77.0
1715,2018-09-07 15:00:00,buy,1.0,1201.75,1198.76,1210.72,2018-09-07 16:30:00,1198.76,-0.0,-329.0000000000009,302366.1789999991,0.0,26698.859000000055,0.08113550792959089,77.0
1716,2018-09-07 09:30:00,sell,1.0,1200.52,1202.77,1193.77,2018-09-07 17:00:00,1193.77,0.0,645.0,303011.1789999991,0.0,26053.859000000055,0.07917540908736748,77.0
1717,2018-09-10 13:00:00,buy,1.0,1194.65,1192.08,1202.3600000000006,2018-09-10 15:30:00,1192.08,-0.0,-287.00000000001637,302724.1789999991,0.0,26340.859000000055,0.08004757709933355,79.0
1718,2018-09-10 15:30:00,sell,1.0,1193.69,1195.71,1187.63,2018-09-10 16:45:00,1195.71,0.0,-231.99999999999818,302492.1789999991,0.0,26572.859000000055,0.08075260489994725,79.0
1719,2018-09-11 10:30:00,buy,1.0,1196.36,1193.07,1206.2299999999998,2018-09-11 14:00:00,1193.07,-0.0,-358.99999999999636,302133.1789999991,0.0,26931.859000000055,0.08184357464313825,79.0
1720,2018-08-28 18:30:00,sell,1.0,1207.51,1213.95,1188.1899999999998,2018-09-11 16:30:00,1188.1899999999998,91.378,1810.6220000000164,303943.8009999991,13.0,25121.237000000023,0.07634125202933315,79.0
1721,2018-09-10 17:15:00,buy,1.0,1197.25,1191.82,1213.5400000000002,2018-09-11 16:30:00,1191.82,-12.09,-560.9100000000063,303382.8909999991,0.0,25682.147000000055,0.07804580868296353,79.0
1722,2018-09-11 13:30:00,sell,1.0,1193.62,1196.5,1184.9799999999996,2018-09-11 20:30:00,1196.5,0.0,-318.0000000000109,303064.8909999991,0.0,26000.147000000055,0.07901218299587368,79.0
1723,2018-09-10 23:45:00,sell,1.0,1194.97,1197.7,1186.78,2018-09-11 22:00:00,1197.7,6.527,-309.5270000000018,302755.36399999907,0.0,26309.674000000057,0.07995280859949676,79.0
1724,2018-09-12 12:15:00,buy,1.0,1195.2,1193.26,1201.0200000000002,2018-09-12 15:45:00,1193.26,-0.0,-224.00000000000546,302531.36399999907,0.0,26533.674000000057,0.08063352509664101,79.0
1725,2018-09-12 16:00:00,sell,1.0,1193.98,1197.18,1184.3799999999999,2018-09-12 18:00:00,1197.18,0.0,-350.00000000000455,302181.36399999907,0.0,26883.674000000057,0.0816971446234289,79.0
1726,2018-09-07 16:45:00,sell,1.0,1196.12,1201.83,1178.9899999999998,2018-09-12 19:15:00,1201.83,19.581,-620.5810000000037,301560.78299999906,5.0,27504.255000000063,0.0835830362507248,79.0
1727,2018-09-12 06:00:00,sell,1.0,1194.52,1199.31,1180.15,2018-09-12 19:15:00,1199.31,0.0,-508.99999999999636,301051.78299999906,0.0,28013.255000000063,0.08512984293396778,79.0
1728,2018-09-12 18:00:00,buy,1.0,1196.06,1193.85,1202.69,2018-09-12 19:15:00,1202.69,-0.0,633.0000000000109,301684.78299999906,0.0,27380.255000000063,0.08320621104694852,79.0
1729,2018-09-06 19:30:00,sell,1.0,1199.81,1206.05,1181.09,2018-09-12 21:15:00,1206.05,26.108,-680.1080000000009,301004.67499999906,6.0,28060.36300000007,0.08527300004444759,79.0
1730,2018-09-13 08:15:00,buy,1.0,1205.92,1204.39,1210.51,2018-09-13 08:45:00,1204.39,-0.0,-182.99999999999727,300821.67499999906,0.0,28243.36300000007,0.08582912111131097,79.0
1731,2018-09-13 07:00:00,sell,1.0,1204.57,1207.03,1197.1899999999998,2018-09-13 12:30:00,1207.03,0.0,-276.00000000000364,300545.67499999906,0.0,28519.36300000007,0.08666786108100656,79.0
1732,2018-09-13 09:00:00,sell,1.0,1204.28,1207.03,1196.03,2018-09-13 12:30:00,1207.03,0.0,-305.0,300240.67499999906,0.0,28824.36300000007,0.08759472952577887,79.0
1733,2018-09-13 12:30:00,buy,1.0,1205.69,1204.03,1210.6700000000003,2018-09-13 17:00:00,1210.6700000000003,-0.0,468.00000000002456,300708.67499999906,0.0,28356.36300000007,0.08617251827281677,79.0
1734,2018-09-14 05:30:00,buy,1.0,1203.57,1200.73,1212.0899999999997,2018-09-14 18:00:00,1200.73,-0.0,-313.9999999999918,300394.67499999906,0.0,28670.36300000007,0.0871267369339922,80.0
1735,2018-09-14 16:15:00,sell,1.0,1205.23,1207.91,1197.1899999999998,2018-09-14 19:00:00,1197.1899999999998,0.0,774.0000000000191,301168.67499999906,0.0,27896.36300000007,0.08477461832332411,80.0
1736,2018-09-17 09:30:00,sell,1.0,1194.51,1195.7,1190.9399999999998,2018-09-17 09:45:00,1195.7,0.0,-149.00000000000546,301019.67499999906,0.0,28045.36300000007,0.08522741635044238,82.0
1737,2018-09-17 09:45:00,buy,1.0,1195.41,1193.26,1201.8600000000004,2018-09-17 17:30:00,1201.8600000000004,-0.0,615.0000000000273,301634.67499999906,0.0,27430.36300000007,0.08335848489622937,82.0
1738,2018-09-17 07:30:00,buy,1.0,1195.7,1193.25,1203.0500000000002,2018-09-17 18:00:00,1203.0500000000002,-0.0,705.0000000000136,302339.67499999906,0.0,26725.36300000007,0.08121605127798517,82.0
1739,2018-09-18 10:15:00,buy,1.0,1200.19,1197.37,1208.6500000000005,2018-09-18 11:00:00,1197.37,-0.0,-312.00000000001637,302027.67499999906,0.0,27037.36300000007,0.08216419211329325,82.0
1740,2018-09-18 11:15:00,sell,1.0,1196.35,1200.19,1184.8299999999995,2018-09-18 14:30:00,1200.19,0.0,-414.00000000001455,301613.67499999906,0.0,27451.36300000007,0.08342230206783664,82.0
1741,2018-09-18 02:45:00,sell,1.0,1200.25,1202.98,1192.06,2018-09-18 15:45:00,1202.98,0.0,-303.0000000000018,301310.67499999906,0.0,27754.36300000007,0.08434309268674159,82.0
1742,2018-09-18 19:30:00,sell,1.0,1198.92,1202.24,1188.9600000000003,2018-09-19 08:30:00,1202.24,6.527,-368.5269999999936,300942.14799999906,0.0,28122.890000000072,0.08546301415345178,82.0
1743,2018-09-19 03:30:00,buy,1.0,1199.18,1196.89,1206.05,2018-09-19 16:45:00,1206.05,-0.0,656.9999999999891,301599.14799999906,0.0,27465.890000000072,0.08346644835602421,82.0
1744,2018-09-20 11:00:00,sell,1.0,1202.8,1206.41,1191.9699999999996,2018-09-20 16:15:00,1206.41,0.0,-391.00000000001273,301208.14799999906,0.0,27856.890000000072,0.08465466331309297,82.0
1745,2018-09-20 20:00:00,sell,1.0,1203.54,1207.65,1191.2099999999996,2018-09-20 23:15:00,1207.65,0.0,-441.00000000001273,300767.14799999906,0.0,28297.890000000072,0.08599482391684572,82.0
1746,2018-09-18 13:30:00,buy,1.0,1199.35,1196.33,1208.4099999999999,2018-09-21 04:15:00,1208.4099999999999,-60.45,936.4499999999946,301703.59799999907,2.0,27361.44000000006,0.08314903390010134,82.0
1747,2018-09-20 16:00:00,buy,1.0,1205.6,1201.44,1218.0799999999995,2018-09-21 16:30:00,1201.44,-12.09,-433.9099999999855,301269.6879999991,1.0,27795.350000000035,0.08446764861115422,82.0
1748,2018-09-20 21:00:00,buy,1.0,1205.73,1202.84,1214.4000000000003,2018-09-21 16:30:00,1202.84,-12.09,-306.91000000001003,300962.77799999906,0.0,28102.260000000068,0.08540032137962995,82.0
1749,2018-09-21 13:30:00,sell,1.0,1207.56,1210.71,1198.1099999999997,2018-09-21 16:30:00,1198.1099999999997,0.0,915.0000000000273,301877.77799999906,0.0,27187.260000000068,0.08261971604531303,82.0
1750,2018-09-24 22:15:00,sell,1.0,1199.2,1203.24,1187.0800000000002,2018-09-25 19:00:00,1203.24,6.527,-440.52699999999635,301437.25099999906,0.0,27627.78700000007,0.08395843924324815,86.0
1751,2018-09-26 02:45:00,buy,1.0,1201.27,1200.47,1203.6699999999998,2018-09-26 04:30:00,1200.47,-0.0,-109.99999999999545,301327.25099999906,0.0,27737.78700000007,0.08429271966595292,86.0
1752,2018-09-26 04:45:00,sell,1.0,1200.54,1201.77,1196.85,2018-09-26 06:15:00,1201.77,0.0,-153.00000000000182,301174.25099999906,0.0,27890.78700000007,0.08475767334480591,86.0
1753,2018-09-26 06:30:00,buy,1.0,1201.77,1200.02,1207.02,2018-09-26 10:30:00,1200.02,-0.0,-205.0,300969.25099999906,0.0,28095.78700000007,0.08538065049621024,86.0
1754,2018-09-25 09:45:00,buy,1.0,1199.12,1197.32,1204.5199999999998,2018-09-26 15:30:00,1197.32,-12.09,-197.90999999999545,300771.3409999991,1.0,28293.697000000044,0.08598208175491472,86.0
1755,2018-09-24 12:00:00,buy,1.0,1197.41,1194.88,1205.0,2018-09-26 16:15:00,1194.88,-24.18,-258.81999999999726,300512.5209999991,2.0,28552.51700000005,0.08676861320040972,86.0
1756,2018-09-26 10:45:00,sell,1.0,1200.34,1202.34,1194.34,2018-09-26 16:30:00,1194.34,0.0,570.0,301082.5209999991,0.0,27982.51700000005,0.08503643282821229,86.0
1757,2018-09-25 22:00:00,sell,1.0,1200.48,1202.67,1193.9099999999999,2018-09-26 17:30:00,1193.9099999999999,6.527,620.4730000000163,301702.9939999991,0.0,27362.044000000053,0.08315086940351325,86.0
1758,2018-09-11 20:15:00,buy,1.0,1195.33,1188.1,1217.02,2018-09-27 16:30:00,1188.1,-217.62,-535.3800000000018,301167.61399999907,15.0,27897.424000000057,0.08477784260994671,86.0
1759,2018-09-27 04:00:00,buy,1.0,1196.45,1191.64,1210.8799999999999,2018-09-27 16:30:00,1191.64,-0.0,-510.99999999999454,300656.61399999907,0.0,28408.424000000057,0.08633072711905704,86.0
1760,2018-09-27 10:30:00,sell,1.0,1194.84,1198.43,1184.0699999999995,2018-09-27 17:00:00,1184.0699999999995,0.0,1047.0000000000437,301703.6139999991,0.0,27361.424,0.0831489852774942,86.0
1761,2018-09-28 07:00:00,buy,1.0,1184.94,1182.52,1192.2000000000003,2018-09-28 10:15:00,1182.52,-0.0,-272.0000000000073,301431.6139999991,0.0,27633.424,0.08397556959545509,86.0
1762,2018-09-28 14:15:00,buy,1.0,1184.43,1181.7,1192.6200000000001,2018-09-28 15:30:00,1181.7,-0.0,-303.0000000000018,301128.6139999991,0.0,27936.424,0.08489636021436003,86.0
1763,2018-09-28 09:00:00,sell,1.0,1183.43,1184.97,1178.8100000000002,2018-09-28 16:30:00,1184.97,0.0,-183.99999999999636,300944.6139999991,0.0,28120.424,0.0854555201941571,86.0
1764,2018-09-28 15:30:00,sell,1.0,1183.08,1184.53,1178.7299999999998,2018-09-28 16:30:00,1184.53,0.0,-175.00000000000455,300769.6139999991,0.0,28295.424,0.08598732995755105,86.0
1765,2018-09-28 16:45:00,buy,1.0,1184.63,1181.7,1193.4200000000003,2018-09-28 19:45:00,1193.4200000000003,-0.0,849.0000000000191,301618.6139999991,0.0,27446.424,0.08340729287685698,86.0
1766,2018-10-01 16:45:00,buy,1.0,1191.41,1185.22,1209.9800000000002,2018-10-01 18:15:00,1185.22,-0.0,-649.0000000000055,300969.6139999991,0.0,28095.424,0.08537954737081511,88.0
1767,2018-10-01 18:45:00,sell,1.0,1186.32,1191.42,1171.0199999999995,2018-10-02 06:45:00,1191.42,6.527,-546.5270000000137,300423.0869999991,0.0,28641.951,0.08704039533972029,88.0
1768,2018-10-01 05:00:00,sell,1.0,1189.93,1192.61,1181.8900000000006,2018-10-02 08:30:00,1192.61,6.527,-304.5269999999836,300118.5599999991,1.0,28946.478000000003,0.08796582637867496,88.0
1769,2018-10-02 14:45:00,sell,1.0,1189.94,1194.3,1176.8600000000004,2018-10-02 16:30:00,1194.3,0.0,-465.99999999999,299652.5599999991,0.0,29412.478000000003,0.08938195980576971,88.0
1770,2018-10-01 19:15:00,buy,1.0,1188.39,1185.22,1197.9000000000003,2018-10-02 16:45:00,1197.9000000000003,-12.09,933.0900000000219,300585.64999999915,0.0,28479.387999999977,0.08654638053648243,88.0
1771,2018-10-04 11:15:00,buy,1.0,1198.12,1195.95,1204.6299999999994,2018-10-04 18:00:00,1204.6299999999994,-0.0,620.9999999999536,301206.6499999991,0.0,27858.388000000035,0.08465921560466752,90.0
1772,2018-10-05 12:45:00,buy,1.0,1198.93,1197.34,1203.7000000000005,2018-10-05 16:00:00,1203.7000000000005,-0.0,447.00000000004366,301653.64999999915,0.0,27411.387999999977,0.08330082152331252,90.0
1773,2018-10-04 20:45:00,sell,1.0,1198.71,1205.71,1177.71,2018-10-05 18:00:00,1205.71,6.527,-736.527,300917.12299999915,0.0,28147.91499999998,0.08553906294961683,90.0
1774,2018-10-05 23:00:00,buy,1.0,1203.66,1200.55,1212.9900000000005,2018-10-08 05:00:00,1200.55,-12.09,-328.91000000001276,300588.2129999991,2.0,28476.82500000001,0.08653859180263351,92.0
1775,2018-10-02 16:45:00,buy,1.0,1196.64,1189.74,1217.3400000000004,2018-10-08 16:00:00,1189.74,-72.53999999999999,-647.4600000000091,299940.7529999991,5.0,29124.285000000033,0.08850616637067384,92.0
1776,2018-10-03 10:30:00,sell,1.0,1203.77,1207.86,1191.5000000000002,2018-10-08 16:00:00,1191.5000000000002,32.635,1164.3649999999755,301105.1179999991,5.0,27959.920000000042,0.0849677625126499,92.0
1777,2018-10-05 20:45:00,sell,1.0,1200.55,1205.19,1186.6299999999997,2018-10-08 16:15:00,1186.6299999999997,6.527,1355.47300000003,302460.59099999914,2.0,26604.446999999986,0.0808485980816961,92.0
1778,2018-10-08 05:15:00,sell,1.0,1199.08,1203.96,1184.4399999999996,2018-10-08 16:45:00,1184.4399999999996,0.0,1434.0000000000327,303894.5909999992,0.0,25170.446999999927,0.07649079693479924,92.0
1779,2018-10-09 02:15:00,buy,1.0,1187.98,1184.18,1199.3799999999999,2018-10-09 17:45:00,1184.18,-0.0,-409.99999999999545,303484.5909999992,0.0,25580.446999999927,0.07773675123760791,93.0
1780,2018-10-09 19:45:00,buy,1.0,1189.96,1185.29,1203.9700000000003,2018-10-10 16:30:00,1185.29,-12.09,-484.9100000000073,302999.68099999917,0.0,26065.35699999996,0.07921035050827864,93.0
1781,2018-10-10 11:45:00,sell,1.0,1188.1,1190.62,1180.54,2018-10-10 21:30:00,1190.62,0.0,-281.9999999999982,302717.68099999917,0.0,26347.35699999996,0.08006732395557631,93.0
1782,2018-10-09 11:30:00,sell,1.0,1188.71,1191.51,1180.3100000000002,2018-10-10 22:00:00,1191.51,6.527,-316.52699999999544,302401.15399999917,1.0,26663.88399999996,0.08102922194973515,93.0
1783,2018-10-10 19:45:00,buy,1.0,1189.39,1186.07,1199.3500000000006,2018-10-11 13:00:00,1199.3500000000006,-36.269999999999996,1002.2700000000491,303403.42399999924,0.0,25661.613999999885,0.07798341068369577,93.0
1784,2018-09-13 19:15:00,sell,1.0,1202.92,1211.82,1176.2200000000005,2018-10-11 18:15:00,1211.82,182.756,-1102.7559999999864,302300.66799999925,27.0,26764.36999999988,0.08133459015478864,93.0
1785,2018-10-12 14:30:00,buy,1.0,1220.92,1216.26,1234.9000000000003,2018-10-12 19:00:00,1216.26,-0.0,-496.0000000000082,301804.66799999925,0.0,27260.36999999988,0.08284189096989378,94.0
1786,2018-10-12 19:00:00,sell,1.0,1217.56,1222.79,1201.87,2018-10-15 09:15:00,1222.79,6.527,-559.5270000000019,301245.14099999925,2.0,27819.89699999988,0.08454224480693678,96.0
1787,2018-10-12 05:45:00,sell,1.0,1217.81,1225.09,1195.97,2018-10-15 11:00:00,1225.09,6.527,-764.5269999999973,300480.61399999924,3.0,28584.423999999883,0.08686557579538413,96.0
1788,2018-10-15 03:45:00,buy,1.0,1220.15,1217.15,1229.15,2018-10-15 12:30:00,1229.15,-0.0,870.0,301350.61399999924,0.0,27714.423999999883,0.08422172154308279,96.0
1789,2018-10-16 04:00:00,sell,1.0,1226.75,1227.56,1224.3200000000002,2018-10-16 04:00:00,1227.56,0.0,-110.99999999999454,301239.61399999924,0.0,27825.423999999883,0.08455904087872124,96.0
1790,2018-10-16 03:45:00,buy,1.0,1227.36,1225.36,1233.36,2018-10-16 09:15:00,1225.36,-0.0,-230.0,301009.61399999924,0.0,28055.423999999883,0.08525799085346757,96.0
1791,2018-10-16 04:15:00,buy,1.0,1227.57,1225.36,1234.2,2018-10-16 09:15:00,1225.36,-0.0,-251.00000000000364,300758.61399999924,0.0,28306.423999999883,0.08602075799982117,96.0
1792,2018-10-16 06:45:00,sell,1.0,1225.88,1228.26,1218.7400000000005,2018-10-16 11:15:00,1228.26,0.0,-267.9999999999882,300490.61399999924,0.0,28574.423999999883,0.08683518666604734,96.0
1793,2018-10-16 11:30:00,buy,1.0,1228.35,1225.28,1237.5599999999997,2018-10-16 23:30:00,1225.28,-0.0,-336.99999999999363,300153.61399999924,0.0,28911.423999999883,0.0878593003246974,96.0
1794,2018-10-17 12:30:00,buy,1.0,1224.41,1221.01,1234.6100000000004,2018-10-18 10:00:00,1221.01,-36.269999999999996,-333.7300000000091,299819.88399999926,0.0,29245.153999999864,0.08887347673805426,97.0
1795,2018-10-18 08:15:00,buy,1.0,1223.77,1221.93,1229.2899999999997,2018-10-18 10:00:00,1221.93,-0.0,-213.99999999999181,299605.88399999926,0.0,29459.153999999864,0.08952380410586172,97.0
1796,2018-10-16 20:00:00,sell,1.0,1228.27,1231.22,1219.4199999999998,2018-10-18 10:15:00,1219.4199999999998,26.108,828.8920000000137,300434.77599999926,1.0,28630.26199999987,0.08700487348643811,97.0
1797,2018-10-18 09:45:00,sell,1.0,1222.64,1223.79,1219.1900000000005,2018-10-18 10:15:00,1219.1900000000005,0.0,314.9999999999591,300749.7759999992,0.0,28315.26199999993,0.08604761591232918,97.0
1798,2018-10-17 21:00:00,sell,1.0,1224.44,1228.81,1211.3300000000004,2018-10-18 19:45:00,1228.81,19.581,-486.5809999999891,300263.1949999992,0.0,28801.842999999935,0.087526293206512,97.0
1799,2018-10-19 05:15:00,buy,1.0,1228.02,1224.6,1238.2800000000002,2018-10-19 11:00:00,1224.6,-0.0,-372.0000000000073,299891.1949999992,0.0,29173.842999999935,0.08865676881784085,97.0
1800,2018-10-19 11:30:00,sell,1.0,1225.46,1228.77,1215.5300000000002,2018-10-19 14:00:00,1228.77,0.0,-360.99999999999454,299530.1949999992,0.0,29534.842999999935,0.08975381638689922,97.0
1801,2018-10-19 02:00:00,sell,1.0,1225.57,1229.42,1214.0199999999995,2018-10-19 16:15:00,1229.42,0.0,-415.00000000001364,299115.1949999992,0.0,29949.842999999935,0.09101496525437629,97.0
1802,2018-10-22 03:45:00,buy,1.0,1227.69,1225.55,1234.1100000000004,2018-10-22 12:45:00,1225.55,-0.0,-244.00000000001,298871.1949999992,0.0,30193.842999999935,0.09175646001019414,99.0
1803,2018-10-19 13:45:00,buy,1.0,1228.1,1223.58,1241.6599999999999,2018-10-22 13:30:00,1223.58,-12.09,-469.9099999999982,298401.2849999992,2.0,30663.75299999991,0.0931844755868595,99.0
1804,2018-10-22 11:15:00,sell,1.0,1227.05,1228.97,1221.2899999999997,2018-10-22 18:15:00,1221.2899999999997,0.0,546.0000000000218,298947.2849999992,0.0,30117.75299999991,0.09152522912507037,99.0
1805,2018-10-23 03:00:00,sell,1.0,1222.27,1222.72,1220.9199999999998,2018-10-23 05:15:00,1222.72,0.0,-75.00000000000455,298872.2849999992,0.0,30192.75299999991,0.09175314759509635,99.0
1806,2018-10-23 05:15:00,buy,1.0,1222.59,1221.48,1225.9199999999996,2018-10-23 11:15:00,1225.9199999999996,-0.0,302.99999999997,299175.28499999916,0.0,29889.752999999968,0.09083235697619158,99.0
1807,2018-10-23 01:15:00,buy,1.0,1222.5,1220.67,1227.9899999999998,2018-10-23 11:30:00,1227.9899999999998,-0.0,518.9999999999782,299694.28499999916,0.0,29370.752999999968,0.08925516116361182,99.0
1808,2018-10-19 19:15:00,sell,1.0,1226.38,1229.85,1215.9700000000007,2018-10-23 12:00:00,1229.85,13.054,-390.05399999997996,299304.23099999916,3.0,29760.80699999997,0.09044050130904532,99.0
1809,2018-10-15 19:30:00,sell,1.0,1226.44,1233.18,1206.22,2018-10-23 13:00:00,1233.18,52.216,-756.2160000000009,298548.01499999914,7.0,30517.022999999986,0.0927385758921009,99.0
1810,2018-10-18 13:15:00,buy,1.0,1223.49,1218.95,1237.11,2018-10-23 16:30:00,1237.11,-36.269999999999996,1368.269999999989,299916.2849999991,5.0,29148.753000000026,0.0885805224923351,99.0
1811,2018-10-24 06:45:00,buy,1.0,1232.32,1230.02,1239.2199999999998,2018-10-24 11:00:00,1230.02,-0.0,-259.99999999999545,299656.2849999991,0.0,29408.753000000026,0.08937063985509182,99.0
1812,2018-10-24 11:30:00,sell,1.0,1230.4,1233.37,1221.4900000000007,2018-10-25 01:45:00,1233.37,19.581,-346.58099999998,299309.7039999991,0.0,29755.33400000003,0.09042386933855948,99.0
1813,2018-10-25 00:00:00,buy,1.0,1230.15,1227.7,1237.5000000000002,2018-10-25 06:00:00,1237.5000000000002,-0.0,705.0000000000136,300014.7039999991,0.0,29050.33400000003,0.08828143572031528,99.0
1814,2018-10-23 21:00:00,sell,1.0,1233.38,1238.61,1217.6900000000007,2018-10-25 11:00:00,1238.61,26.108,-579.107999999979,299435.5959999991,1.0,29629.44200000004,0.0900412945115127,99.0
1815,2018-10-25 12:30:00,sell,1.0,1232.7,1239.0,1213.8000000000002,2018-10-26 19:45:00,1239.0,6.527,-666.5269999999955,298769.0689999991,1.0,30295.96900000004,0.09206681203245944,100.0
1816,2018-10-26 01:45:00,buy,1.0,1231.53,1228.55,1240.47,2018-10-26 19:45:00,1240.47,-0.0,864.0000000000055,299633.0689999991,0.0,29431.96900000004,0.08944119125776018,100.0
1817,2018-10-26 18:00:00,sell,1.0,1233.26,1238.06,1218.8600000000001,2018-10-26 19:45:00,1238.06,0.0,-509.99999999999545,299123.0689999991,0.0,29941.96900000004,0.09099103685393682,100.0
1818,2018-10-26 19:30:00,buy,1.0,1235.0,1232.66,1242.0199999999998,2018-10-26 19:45:00,1242.0199999999998,-0.0,671.9999999999754,299795.0689999991,0.0,29269.96900000004,0.08894888736250406,100.0
1819,2018-10-29 07:00:00,buy,1.0,1234.49,1232.21,1241.33,2018-10-29 10:00:00,1232.21,-0.0,-257.99999999999727,299537.0689999991,0.0,29527.96900000004,0.08973292689939343,102.0
1820,2018-10-29 07:30:00,sell,1.0,1233.53,1234.89,1229.4499999999996,2018-10-29 12:30:00,1229.4499999999996,0.0,378.0000000000382,299915.06899999914,0.0,29149.968999999983,0.08858421781046232,102.0
1821,2018-10-30 02:00:00,buy,1.0,1229.6,1225.55,1241.7499999999998,2018-10-30 11:15:00,1225.55,-0.0,-434.99999999999545,299480.06899999914,0.0,29584.968999999983,0.08990614493661299,102.0
1822,2018-10-30 18:30:00,buy,1.0,1224.31,1220.5,1235.7399999999998,2018-10-31 05:00:00,1220.5,-12.09,-398.90999999999457,299081.15899999917,0.0,29983.878999999957,0.09111839769498709,102.0
1823,2018-10-30 05:30:00,sell,1.0,1227.21,1230.4,1217.6399999999999,2018-10-31 07:45:00,1217.6399999999999,6.527,920.4730000000163,300001.63199999917,1.0,29063.40599999996,0.08832116039018413,102.0
1824,2018-10-30 20:45:00,sell,1.0,1222.57,1225.59,1213.51,2018-10-31 17:00:00,1213.51,6.527,869.4729999999945,300871.10499999917,0.0,28193.93299999996,0.08567890764499884,102.0
1825,2018-11-01 00:30:00,buy,1.0,1215.99,1212.58,1226.2200000000003,2018-11-01 12:30:00,1226.2200000000003,-0.0,993.0000000000246,301864.10499999917,0.0,27200.93299999996,0.0826612671018549,102.0
1826,2018-11-02 09:45:00,buy,1.0,1234.24,1231.22,1243.3,2018-11-02 10:30:00,1231.22,-0.0,-331.9999999999982,301532.10499999917,0.0,27532.93299999996,0.08367018619583656,102.0
1827,2018-11-02 06:00:00,sell,1.0,1232.05,1234.42,1224.9399999999996,2018-11-02 11:30:00,1234.42,0.0,-267.0000000000118,301265.10499999917,0.0,27799.93299999996,0.08448157594912904,102.0
1828,2018-11-02 17:00:00,sell,1.0,1230.8,1235.77,1215.8899999999999,2018-11-02 18:15:00,1235.77,0.0,-527.0000000000027,300738.10499999917,0.0,28326.93299999996,0.08608308306517824,102.0
1829,2018-11-05 03:15:00,buy,1.0,1233.81,1231.26,1241.4599999999998,2018-11-05 09:45:00,1231.26,-0.0,-284.99999999999545,300453.10499999917,0.0,28611.93299999996,0.08694917325127696,104.0
1830,2018-11-05 06:45:00,sell,1.0,1232.42,1234.18,1227.14,2018-11-05 12:30:00,1234.18,0.0,-205.9999999999991,300247.10499999917,0.0,28817.93299999996,0.08757518931561498,104.0
1831,2018-11-05 12:30:00,buy,1.0,1233.13,1230.8,1240.1200000000006,2018-11-05 13:30:00,1230.8,-0.0,-263.00000000001546,299984.10499999917,0.0,29080.93299999996,0.08837442341717275,104.0
1832,2018-11-06 01:15:00,buy,1.0,1231.18,1229.09,1237.4500000000005,2018-11-06 07:45:00,1229.09,-0.0,-239.00000000001455,299745.10499999917,0.0,29319.93299999996,0.08910072360832219,104.0
1833,2018-11-06 06:15:00,sell,1.0,1230.3,1231.76,1225.9199999999998,2018-11-06 11:45:00,1231.76,0.0,-176.00000000000364,299569.10499999917,0.0,29495.93299999996,0.08963557228464981,104.0
1834,2018-11-05 13:45:00,sell,1.0,1231.54,1233.61,1225.3300000000002,2018-11-06 12:30:00,1233.61,6.527,-243.52699999999362,299325.57799999916,0.0,29739.459999999963,0.09037562963465004,104.0
1835,2018-11-06 11:45:00,buy,1.0,1230.91,1228.71,1237.5100000000002,2018-11-06 19:30:00,1228.71,-0.0,-250.00000000000455,299075.57799999916,0.0,29989.459999999963,0.09113535786806996,104.0
1836,2018-11-07 04:45:00,buy,1.0,1231.79,1224.74,1252.9399999999998,2018-11-07 05:15:00,1224.74,-0.0,-734.9999999999955,298340.57799999916,0.0,30724.459999999963,0.09336895887432455,104.0
1837,2018-11-07 06:15:00,sell,1.0,1225.59,1231.79,1206.9899999999998,2018-11-07 12:00:00,1231.79,0.0,-650.0000000000045,297690.57799999916,0.0,31374.459999999963,0.09534425228121636,104.0
1838,2018-11-06 18:45:00,sell,1.0,1230.98,1235.76,1216.64,2018-11-07 15:30:00,1235.76,6.527,-514.5269999999973,297176.05099999916,0.0,31888.986999999965,0.09690785503624377,104.0
1839,2018-11-07 08:00:00,buy,1.0,1229.51,1225.44,1241.7199999999998,2018-11-08 00:30:00,1225.44,-36.269999999999996,-400.72999999999365,296775.3209999992,0.0,32289.716999999946,0.09812563861615718,104.0
1840,2018-11-08 17:00:00,buy,1.0,1224.53,1222.22,1231.4599999999998,2018-11-08 17:30:00,1222.22,-0.0,-260.99999999999454,296514.3209999992,0.0,32550.716999999946,0.09891879489184759,104.0
1841,2018-11-08 17:45:00,sell,1.0,1220.88,1225.3,1207.6200000000006,2018-11-08 18:30:00,1225.3,0.0,-471.99999999998454,296042.3209999992,0.0,33022.716999999946,0.10035316179654441,104.0
1842,2018-11-08 21:45:00,sell,1.0,1223.44,1225.3,1217.8600000000004,2018-11-08 23:00:00,1225.3,0.0,-215.99999999999,295826.3209999992,0.0,33238.716999999946,0.10100956699021922,104.0
1843,2018-11-08 19:15:00,buy,1.0,1224.21,1220.88,1234.1999999999998,2018-11-09 05:45:00,1220.88,-12.09,-350.90999999999275,295475.4109999992,0.0,33589.62699999992,0.10207595192777669,104.0
1844,2018-11-08 22:15:00,buy,1.0,1224.72,1220.88,1236.2399999999998,2018-11-09 05:45:00,1220.88,-12.09,-401.90999999999184,295073.50099999923,0.0,33991.536999999895,0.10329732142495182,104.0
1845,2018-11-09 13:15:00,buy,1.0,1221.35,1217.81,1231.9699999999998,2018-11-09 16:30:00,1217.81,-0.0,-383.99999999999636,294689.50099999923,0.0,34375.536999999895,0.10446426399148483,104.0
1846,2018-11-09 14:30:00,sell,1.0,1218.99,1221.35,1211.9100000000003,2018-11-09 17:30:00,1211.9100000000003,0.0,677.99999999997,295367.5009999992,0.0,33697.53699999995,0.10240388102245017,104.0
1847,2018-11-07 18:00:00,sell,1.0,1228.56,1234.47,1210.8299999999997,2018-11-09 17:45:00,1210.8299999999997,26.108,1716.8920000000246,297084.3929999992,1.0,31980.644999999902,0.0971863957179188,104.0
1848,2018-11-09 00:00:00,sell,1.0,1221.52,1224.93,1211.2899999999997,2018-11-09 17:45:00,1211.2899999999997,0.0,993.0000000000246,298077.3929999992,0.0,30987.644999999902,0.09416875517477485,104.0
1849,2018-11-12 05:15:00,sell,1.0,1209.51,1211.17,1204.5299999999997,2018-11-12 05:45:00,1211.17,0.0,-196.00000000000819,297881.3929999992,0.0,31183.644999999902,0.09476438210977607,106.0
1850,2018-11-12 04:45:00,buy,1.0,1210.9,1207.75,1220.3500000000004,2018-11-12 10:00:00,1207.75,-0.0,-345.0000000000091,297536.3929999992,0.0,31528.644999999902,0.09581280707189557,106.0
1851,2018-11-12 05:45:00,buy,1.0,1210.9,1207.75,1220.3500000000004,2018-11-12 10:00:00,1207.75,-0.0,-345.0000000000091,297191.3929999992,0.0,31873.644999999902,0.09686123203401507,106.0
1852,2018-11-12 08:30:00,sell,1.0,1210.21,1211.29,1206.9700000000003,2018-11-12 10:30:00,1206.9700000000003,0.0,293.9999999999782,297485.3929999992,0.0,31579.644999999902,0.09596779163151324,106.0
1853,2018-10-26 22:45:00,sell,1.0,1233.49,1243.17,1204.4499999999998,2018-11-12 11:45:00,1204.4499999999998,97.905,2776.095000000019,300261.48799999926,16.0,28803.549999999872,0.0875314806308896,106.0
1854,2018-11-13 05:30:00,buy,1.0,1203.12,1200.16,1211.9999999999993,2018-11-13 13:30:00,1200.16,-0.0,-325.9999999999809,299935.48799999926,0.0,29129.549999999872,0.08852216624726918,107.0
1855,2018-11-13 11:30:00,sell,1.0,1202.9,1204.81,1197.1700000000005,2018-11-13 14:15:00,1197.1700000000005,0.0,542.9999999999563,300478.4879999992,0.0,28586.54999999993,0.08687203652428127,107.0
1856,2018-11-13 23:45:00,sell,1.0,1200.0,1204.12,1187.6400000000003,2018-11-14 06:00:00,1204.12,6.527,-448.5269999999891,300029.9609999992,0.0,29035.076999999932,0.08823507102568584,107.0
1857,2018-11-14 10:45:00,buy,1.0,1203.39,1201.84,1208.0400000000006,2018-11-14 11:15:00,1201.84,-0.0,-185.0000000000182,299844.9609999992,0.0,29220.076999999932,0.08879726991841658,107.0
1858,2018-11-14 01:30:00,buy,1.0,1202.72,1200.0,1210.88,2018-11-14 13:15:00,1200.0,-0.0,-302.00000000000273,299542.9609999992,0.0,29522.076999999932,0.08971502162438785,107.0
1859,2018-11-14 10:00:00,sell,1.0,1201.99,1203.98,1196.02,2018-11-14 21:15:00,1203.98,0.0,-229.0000000000009,299313.9609999992,0.0,29751.076999999932,0.0904109326862005,107.0
1860,2018-11-14 11:30:00,sell,1.0,1202.11,1203.98,1196.4999999999995,2018-11-14 21:15:00,1203.98,0.0,-217.00000000001182,299096.9609999992,0.0,29968.076999999932,0.091070376792809,107.0
1861,2018-11-14 19:15:00,buy,1.0,1201.86,1197.84,1213.9199999999998,2018-11-14 22:30:00,1213.9199999999998,-0.0,1175.9999999999945,300272.9609999992,0.0,28792.076999999932,0.08749661518280168,107.0
1862,2018-11-15 15:00:00,sell,1.0,1210.87,1214.91,1198.7499999999993,2018-11-15 18:00:00,1214.91,0.0,-434.0000000000191,299838.9609999992,0.0,29226.076999999932,0.08881550339601867,107.0
1863,2018-11-13 18:00:00,buy,1.0,1202.18,1197.38,1216.58,2018-11-16 05:15:00,1216.58,-60.45,1470.4499999999864,301309.4109999992,2.0,27755.62699999992,0.08434693387268931,107.0
1864,2018-11-19 18:15:00,sell,1.0,1219.65,1222.52,1211.0400000000004,2018-11-19 19:00:00,1222.52,0.0,-316.9999999999891,300992.4109999992,0.0,28072.62699999992,0.08531026927266577,110.0
1865,2018-11-19 07:30:00,sell,1.0,1221.08,1223.35,1214.27,2018-11-19 19:15:00,1223.35,0.0,-256.9999999999982,300735.4109999992,0.0,28329.62699999992,0.08609126989662146,110.0
1866,2018-11-20 05:30:00,sell,1.0,1221.85,1224.49,1213.9299999999996,2018-11-20 11:15:00,1224.49,0.0,-294.00000000001,300441.4109999992,0.0,28623.62699999992,0.08698471029912329,110.0
1867,2018-11-20 15:15:00,sell,1.0,1222.72,1225.47,1214.47,2018-11-20 16:00:00,1225.47,0.0,-305.0,300136.4109999992,0.0,28928.62699999992,0.0879115787438956,110.0
1868,2018-11-20 15:45:00,buy,1.0,1223.66,1222.08,1228.4000000000005,2018-11-20 17:30:00,1228.4000000000005,-0.0,444.0000000000464,300580.41099999927,0.0,28484.626999999862,0.08656230140134163,110.0
1869,2018-11-20 10:30:00,buy,1.0,1223.81,1221.34,1231.22,2018-11-20 19:15:00,1221.34,-0.0,-277.00000000000273,300303.41099999927,0.0,28761.626999999862,0.08740408028397091,110.0
1870,2018-11-19 19:00:00,buy,1.0,1221.7,1219.11,1229.4700000000005,2018-11-21 19:15:00,1229.4700000000005,-24.18,771.1800000000436,301074.5909999993,2.0,27990.44699999981,0.08506053140777564,111.0
1871,2018-11-20 19:30:00,sell,1.0,1221.99,1228.0,1203.96,2018-11-21 19:15:00,1228.0,6.527,-637.5269999999991,300437.0639999993,0.0,28627.973999999813,0.08699792045364567,111.0
1872,2018-11-21 10:15:00,buy,1.0,1222.01,1220.12,1227.6800000000003,2018-11-21 19:15:00,1227.6800000000003,-0.0,537.00000000003,300974.0639999994,0.0,28090.973999999755,0.08536602420825949,111.0
1873,2018-11-22 01:45:00,sell,1.0,1225.79,1227.89,1219.4899999999996,2018-11-22 10:15:00,1227.89,0.0,-240.00000000001364,300734.0639999994,0.0,28330.973999999755,0.08609536331234262,111.0
1874,2018-11-23 06:45:00,buy,1.0,1227.76,1226.82,1230.5800000000002,2018-11-23 10:30:00,1226.82,-0.0,-124.00000000000546,300610.0639999994,0.0,28454.973999999755,0.0864721885161189,112.0
1875,2018-11-22 06:15:00,buy,1.0,1226.87,1225.17,1231.9699999999993,2018-11-23 11:00:00,1225.17,-12.09,-187.9099999999818,300422.1539999994,1.0,28642.88399999973,0.08704323064548658,112.0
1876,2018-11-22 19:45:00,sell,1.0,1227.48,1228.78,1223.5800000000002,2018-11-23 11:30:00,1223.5800000000002,6.527,353.47299999998637,300775.6269999994,0.0,28289.41099999973,0.08596905697408001,112.0
1877,2018-11-23 10:45:00,sell,1.0,1227.12,1228.44,1223.1599999999994,2018-11-23 11:30:00,1223.1599999999994,0.0,366.0000000000491,301141.62699999945,0.0,27923.410999999673,0.08485681484035307,112.0
1878,2018-11-26 05:30:00,sell,1.0,1222.53,1224.17,1217.6099999999997,2018-11-26 06:00:00,1224.17,0.0,-194.00000000001,300947.62699999945,0.0,28117.410999999673,0.08544636394948693,114.0
1879,2018-11-26 17:45:00,buy,1.0,1225.88,1224.62,1229.6600000000008,2018-11-26 18:00:00,1224.62,-0.0,-156.00000000002183,300791.62699999945,0.0,28273.410999999673,0.08592043436714096,114.0
1880,2018-11-26 06:15:00,buy,1.0,1224.12,1222.16,1229.9999999999993,2018-11-26 20:30:00,1222.16,-0.0,-225.9999999999809,300565.62699999945,0.0,28499.410999999673,0.08660722869015258,114.0
1881,2018-11-26 03:45:00,buy,1.0,1224.06,1221.17,1232.7299999999996,2018-11-27 05:15:00,1221.17,-12.09,-306.9099999999873,300258.7169999995,1.0,28806.320999999647,0.08753990145862814,114.0
1882,2018-11-19 14:30:00,buy,1.0,1222.52,1218.29,1235.21,2018-11-27 19:00:00,1218.29,-96.72,-356.2800000000018,299902.43699999945,8.0,29162.600999999675,0.08862260535863963,114.0
1883,2018-11-26 17:15:00,sell,1.0,1224.82,1227.23,1217.5899999999997,2018-11-27 19:00:00,1217.5899999999997,6.527,686.4730000000245,300588.90999999945,1.0,28476.127999999677,0.08653647368031772,114.0
1884,2018-11-26 18:00:00,sell,1.0,1224.99,1227.23,1218.27,2018-11-27 19:00:00,1218.27,6.527,635.4730000000027,301224.38299999945,1.0,27840.65499999968,0.08460532656161349,114.0
1885,2018-11-27 14:15:00,buy,1.0,1222.77,1219.94,1231.2599999999998,2018-11-27 19:00:00,1219.94,-0.0,-312.9999999999927,300911.38299999945,0.0,28153.65499999968,0.08555650630985524,114.0
1886,2018-11-27 18:45:00,sell,1.0,1221.71,1224.53,1213.2500000000002,2018-11-27 20:00:00,1213.2500000000002,0.0,815.9999999999809,301727.38299999945,0.0,27337.65499999968,0.0830767533559726,114.0
1887,2018-11-28 07:30:00,buy,1.0,1215.03,1213.21,1220.4899999999998,2018-11-28 09:45:00,1213.21,-0.0,-211.99999999999363,301515.38299999945,0.0,27549.65499999968,0.08372100289791269,114.0
1888,2018-11-28 07:45:00,sell,1.0,1214.51,1215.23,1212.35,2018-11-28 16:00:00,1215.23,0.0,-102.00000000000273,301413.38299999945,0.0,27651.65499999968,0.08403097201714803,114.0
1889,2018-11-28 16:00:00,buy,1.0,1214.65,1212.8,1220.2000000000005,2018-11-28 17:00:00,1212.8,-0.0,-215.00000000001364,301198.38299999945,0.0,27866.65499999968,0.08468433829788916,114.0
1890,2018-11-28 16:45:00,sell,1.0,1213.41,1214.65,1209.69,2018-11-28 18:30:00,1214.65,0.0,-154.0000000000009,301044.38299999945,0.0,28020.65499999968,0.08515233088967583,114.0
1891,2018-11-30 07:00:00,buy,1.0,1225.02,1223.21,1230.4499999999998,2018-11-30 12:00:00,1223.21,-0.0,-210.99999999999454,300833.38299999945,0.0,28231.65499999968,0.08579354151868225,115.0
1892,2018-11-30 11:15:00,sell,1.0,1223.93,1225.02,1220.6600000000003,2018-11-30 17:00:00,1220.6600000000003,0.0,296.99999999997544,301130.38299999945,0.0,27934.65499999968,0.08489098437737938,115.0
1893,2018-11-29 21:45:00,sell,1.0,1224.71,1227.7,1215.74,2018-12-03 10:45:00,1227.7,13.054,-342.0540000000009,300788.32899999944,3.0,28276.708999999682,0.08593045670199627,117.0
1894,2018-11-15 18:15:00,buy,1.0,1215.14,1208.68,1234.5200000000002,2018-12-03 18:45:00,1234.5200000000002,-193.44,2101.440000000011,302889.76899999945,18.0,26175.26899999968,0.07954436350664439,117.0
1895,2018-12-01 00:15:00,buy,1.0,1221.58,1217.03,1235.2299999999998,2018-12-04 05:45:00,1235.2299999999998,-12.09,1347.0899999999863,304236.8589999994,3.0,24828.178999999713,0.07545067428281389,117.0
1896,2018-12-04 00:00:00,sell,1.0,1231.0,1234.61,1220.1700000000003,2018-12-04 05:45:00,1234.61,0.0,-390.99999999999,303845.8589999994,0.0,25219.178999999713,0.07663888923988266,117.0
1897,2018-12-04 05:30:00,buy,1.0,1232.73,1230.49,1239.45,2018-12-04 13:00:00,1239.45,-0.0,642.0000000000027,304487.8589999994,0.0,24577.178999999713,0.0746879071364603,117.0
1898,2018-12-04 21:00:00,sell,1.0,1238.43,1241.34,1229.7000000000005,2018-12-04 22:30:00,1241.34,0.0,-320.99999999998545,304166.8589999994,0.0,24898.178999999713,0.07566339818817149,117.0
1899,2018-12-04 22:15:00,buy,1.0,1240.25,1237.63,1248.1099999999997,2018-12-04 23:45:00,1237.63,-0.0,-291.9999999999891,303874.8589999994,0.0,25190.178999999713,0.07655076076480595,117.0
1900,2018-12-05 23:15:00,sell,1.0,1236.34,1238.68,1229.3199999999995,2018-12-06 04:30:00,1238.68,19.581,-283.58100000001457,303591.2779999994,0.0,25473.75999999972,0.07741253873345179,118.0
1901,2018-12-06 01:45:00,buy,1.0,1237.3,1236.16,1240.7199999999996,2018-12-06 06:15:00,1240.7199999999996,-0.0,311.9999999999618,303903.27799999935,0.0,25161.759999999776,0.0764643978981439,118.0
1902,2018-12-04 23:30:00,sell,1.0,1238.23,1241.34,1228.9000000000003,2018-12-06 18:00:00,1241.34,26.108,-367.10799999999,303536.16999999934,1.0,25528.867999999784,0.07758000714740121,118.0
1903,2018-12-06 10:45:00,sell,1.0,1236.87,1240.39,1226.3099999999993,2018-12-06 18:00:00,1240.39,0.0,-382.0000000000209,303154.16999999934,0.0,25910.867999999784,0.07874087188806686,118.0
1904,2018-12-05 14:15:00,buy,1.0,1236.36,1234.08,1243.1999999999998,2018-12-06 18:30:00,1243.1999999999998,-36.269999999999996,690.2699999999918,303844.43999999936,1.0,25220.597999999765,0.07664320145733572,118.0
1905,2018-12-07 11:30:00,sell,1.0,1238.8,1240.31,1234.27,2018-12-07 11:45:00,1240.31,0.0,-180.9999999999991,303663.43999999936,0.0,25401.597999999765,0.07719324469833173,118.0
1906,2018-12-06 23:00:00,sell,1.0,1237.69,1243.94,1218.94,2018-12-07 17:30:00,1243.94,6.527,-661.527,303001.91299999936,0.0,26063.124999999767,0.07920356765461008,118.0
1907,2018-12-07 11:45:00,buy,1.0,1239.88,1238.17,1245.0100000000002,2018-12-07 17:30:00,1245.0100000000002,-0.0,483.0000000000109,303484.91299999936,0.0,25580.124999999767,0.07773577270764279,118.0
1908,2018-12-07 05:45:00,buy,1.0,1239.16,1236.86,1246.0600000000006,2018-12-07 18:45:00,1246.0600000000006,-0.0,660.0000000000546,304144.9129999994,0.0,24920.12499999971,0.07573009017141401,118.0
1909,2018-12-11 05:30:00,buy,1.0,1245.83,1242.22,1256.6599999999996,2018-12-11 20:45:00,1242.22,-0.0,-390.99999999999,303753.9129999994,0.0,25311.12499999971,0.07691830512848277,122.0
1910,2018-12-12 16:30:00,sell,1.0,1243.48,1244.94,1239.1,2018-12-12 16:30:00,1244.94,0.0,-176.00000000000364,303577.9129999994,0.0,25487.12499999971,0.0774531538048104,122.0
1911,2018-12-12 10:15:00,sell,1.0,1243.51,1245.74,1236.82,2018-12-12 17:15:00,1245.74,0.0,-253.00000000000182,303324.9129999994,0.0,25740.12499999971,0.07822199877703136,122.0
1912,2018-12-12 23:15:00,sell,1.0,1244.26,1246.61,1237.2100000000003,2018-12-13 03:30:00,1246.61,19.581,-284.5809999999909,303040.3319999994,0.0,26024.705999999715,0.07908681565861088,122.0
1913,2018-12-13 00:15:00,buy,1.0,1245.67,1244.26,1249.9000000000003,2018-12-13 05:30:00,1244.26,-0.0,-171.00000000000819,302869.3319999994,0.0,26195.705999999715,0.07960646977027011,122.0
1914,2018-12-13 05:30:00,sell,1.0,1244.29,1246.38,1238.0199999999995,2018-12-13 11:00:00,1246.38,0.0,-239.00000000001455,302630.3319999994,0.0,26434.705999999715,0.08033276996141955,122.0
1915,2018-12-13 10:15:00,buy,1.0,1245.97,1244.04,1251.7600000000002,2018-12-13 14:30:00,1244.04,-0.0,-223.00000000000637,302407.3319999994,0.0,26657.705999999715,0.08101044754563012,122.0
1916,2018-12-12 05:15:00,buy,1.0,1245.08,1241.32,1256.36,2018-12-13 14:45:00,1241.32,-36.269999999999996,-369.7299999999991,302037.60199999943,1.0,27027.435999999696,0.08213402482459947,122.0
1917,2018-12-12 14:15:00,buy,1.0,1244.58,1242.22,1251.6599999999996,2018-12-13 14:45:00,1242.22,-36.269999999999996,-229.72999999999,301807.87199999945,1.0,27257.165999999677,0.08283215429285365,122.0
1918,2018-12-12 16:45:00,buy,1.0,1244.86,1242.22,1252.7799999999995,2018-12-13 14:45:00,1242.22,-36.269999999999996,-257.7299999999873,301550.14199999947,0.0,27514.89599999966,0.08361537332325086,122.0
1919,2018-12-13 14:15:00,sell,1.0,1244.75,1246.24,1240.28,2018-12-13 18:45:00,1240.28,0.0,417.00000000000273,301967.14199999947,0.0,27097.89599999966,0.08234814662990643,122.0
1920,2018-12-10 11:30:00,sell,1.0,1247.51,1250.13,1239.6499999999996,2018-12-14 10:30:00,1239.6499999999996,39.162,716.8380000000354,302683.9799999995,3.0,26381.05799999961,0.0801697383603532,122.0
1921,2018-12-11 17:15:00,sell,1.0,1246.33,1248.95,1238.4699999999996,2018-12-14 11:30:00,1238.4699999999996,32.635,723.3650000000355,303407.34499999956,2.0,25657.692999999563,0.07797149510608183,122.0
1922,2018-12-06 18:15:00,buy,1.0,1241.01,1235.56,1257.3600000000001,2018-12-14 17:30:00,1235.56,-96.72,-478.2800000000045,302929.06499999954,7.0,26135.97299999959,0.07942494638400224,122.0
1923,2018-12-17 03:15:00,sell,1.0,1237.16,1240.05,1228.4900000000005,2018-12-17 15:00:00,1240.05,0.0,-318.99999999998727,302610.06499999954,0.0,26454.97299999959,0.08039435960984606,124.0
1924,2018-12-17 11:15:00,buy,1.0,1237.89,1236.49,1242.0900000000004,2018-12-17 18:30:00,1242.0900000000004,-0.0,390.0000000000273,303000.06499999954,0.0,26064.97299999959,0.07920918356571098,124.0
1925,2018-12-18 11:00:00,sell,1.0,1245.26,1248.85,1234.4900000000002,2018-12-18 12:15:00,1248.85,0.0,-388.9999999999918,302611.06499999954,0.0,26453.97299999959,0.08039132069691239,124.0
1926,2018-12-18 17:45:00,sell,1.0,1247.6,1249.89,1240.7299999999993,2018-12-19 03:00:00,1249.89,6.527,-265.5270000000191,302345.53799999953,0.0,26719.499999999593,0.08119823413145356,124.0
1927,2018-12-19 14:00:00,sell,1.0,1248.05,1251.13,1238.8099999999995,2018-12-19 18:30:00,1251.13,0.0,-338.00000000001546,302007.53799999953,0.0,27057.499999999593,0.0822253867030373,124.0
1928,2018-12-18 21:15:00,buy,1.0,1248.59,1246.16,1255.8799999999994,2018-12-19 18:45:00,1255.8799999999994,-12.09,711.0899999999509,302718.6279999995,0.0,26346.409999999625,0.0800644461050271,124.0
1929,2018-12-18 12:15:00,buy,1.0,1248.78,1245.26,1259.34,2018-12-19 23:00:00,1245.26,-12.09,-369.9099999999982,302348.7179999995,1.0,26716.3199999996,0.08118857038832449,124.0
1930,2018-12-19 18:45:00,buy,1.0,1254.44,1247.72,1274.6000000000001,2018-12-19 23:00:00,1247.72,-0.0,-702.0000000000027,301646.7179999995,0.0,27418.3199999996,0.08332188726776764,124.0
1931,2018-12-20 10:30:00,buy,1.0,1246.11,1243.29,1254.5699999999997,2018-12-20 13:45:00,1254.5699999999997,-0.0,815.9999999999809,302462.7179999995,0.0,26602.3199999996,0.080842134313885,124.0
1932,2018-12-14 21:00:00,buy,1.0,1239.97,1233.46,1259.5,2018-12-20 18:00:00,1259.5,-72.53999999999999,1995.5399999999972,304458.2579999995,5.0,24606.77999999962,0.07477786199820986,124.0
1933,2018-12-19 23:15:00,sell,1.0,1244.74,1257.45,1206.61,2018-12-20 18:00:00,1257.45,19.581,-1320.5810000000035,303137.6769999995,0.0,25927.360999999626,0.07879099267908156,124.0
1934,2018-11-28 21:15:00,buy,1.0,1223.96,1211.85,1260.2900000000004,2018-12-20 18:15:00,1260.2900000000004,-290.15999999999997,3893.160000000038,307030.83699999953,21.0,22034.200999999593,0.066960018402197,124.0
1935,2018-12-21 12:00:00,buy,1.0,1261.38,1259.02,1268.4600000000005,2018-12-21 13:00:00,1259.02,-0.0,-266.00000000001273,306764.83699999953,0.0,22300.200999999593,0.06776836924255579,124.0
1936,2018-12-21 13:15:00,sell,1.0,1259.28,1261.8,1251.72,2018-12-21 17:30:00,1261.8,0.0,-281.9999999999982,306482.83699999953,0.0,22582.200999999593,0.06862534268985347,124.0
1937,2018-12-21 17:30:00,buy,1.0,1261.09,1256.11,1276.03,2018-12-21 22:00:00,1256.11,-0.0,-528.0000000000018,305954.83699999953,0.0,23110.200999999593,0.07022988871883636,124.0
1938,2018-12-21 19:15:00,sell,1.0,1257.08,1261.09,1245.05,2018-12-24 04:30:00,1261.09,6.527,-437.5269999999991,305517.30999999953,2.0,23547.727999999595,0.07155949517797043,126.0
1939,2018-12-21 06:45:00,sell,1.0,1260.29,1263.2,1251.5599999999997,2018-12-24 06:45:00,1263.2,6.527,-327.5270000000082,305189.78299999953,3.0,23875.254999999597,0.07255482121439975,126.0
1940,2018-12-24 14:45:00,sell,1.0,1261.57,1264.4,1253.0799999999995,2018-12-24 18:15:00,1264.4,0.0,-313.00000000001546,304876.78299999953,0.0,24188.254999999597,0.0735060009626415,126.0
1941,2018-12-24 04:00:00,buy,1.0,1258.78,1254.16,1272.6399999999996,2018-12-26 08:00:00,1272.6399999999996,-24.18,1380.1799999999673,306256.9629999995,2.0,22808.074999999604,0.06931175410983546,127.0
1942,2018-12-24 18:00:00,buy,1.0,1263.11,1260.02,1272.3799999999997,2018-12-26 08:00:00,1272.3799999999997,-24.18,921.1799999999754,307178.1429999995,1.0,21886.89499999961,0.06651236829358842,127.0
1943,2018-12-27 09:15:00,sell,1.0,1268.45,1271.69,1258.73,2018-12-27 12:30:00,1271.69,0.0,-354.0000000000009,306824.1429999995,0.0,22240.89499999961,0.06758814347211103,128.0
1944,2018-12-26 22:00:00,sell,1.0,1269.77,1278.48,1243.6399999999999,2018-12-27 22:15:00,1278.48,19.581,-920.5810000000037,305903.5619999995,1.0,23161.475999999617,0.07038570897951085,128.0
1945,2018-12-28 03:30:00,sell,1.0,1275.0,1278.37,1264.8900000000003,2018-12-28 06:30:00,1278.37,0.0,-366.9999999999891,305536.5619999995,0.0,23528.475999999617,0.0715009900261713,128.0
1946,2018-12-28 15:15:00,buy,1.0,1279.71,1276.24,1290.1200000000001,2018-12-28 18:00:00,1276.24,-0.0,-377.00000000000273,305159.5619999995,0.0,23905.475999999617,0.07264666020216855,128.0
1947,2018-12-28 17:30:00,sell,1.0,1276.62,1280.81,1264.0499999999997,2018-12-28 22:15:00,1280.81,0.0,-449.00000000000546,304710.5619999995,0.0,24354.475999999617,0.07401113210939073,128.0
1948,2018-12-28 20:15:00,sell,1.0,1277.41,1279.74,1270.4200000000003,2018-12-28 22:15:00,1279.74,0.0,-262.9999999999927,304447.5619999995,0.0,24617.475999999617,0.0748103662109485,128.0
1949,2018-12-31 06:00:00,sell,1.0,1278.6,1280.63,1272.5099999999993,2018-12-31 11:15:00,1280.63,0.0,-233.00000000002,304214.5619999995,0.0,24850.475999999617,0.07551843292449587,130.0
1950,2018-12-28 13:30:00,sell,1.0,1277.03,1281.01,1265.09,2018-12-31 11:45:00,1281.01,6.527,-434.5270000000018,303780.0349999995,2.0,25285.00299999962,0.07683892264482892,130.0
1951,2018-12-31 22:15:00,buy,1.0,1281.92,1279.25,1289.9300000000003,2018-12-31 22:15:00,1279.25,-0.0,-297.0000000000073,303483.0349999995,0.0,25582.00299999962,0.07774147978613179,130.0
1952,2018-12-31 18:30:00,sell,1.0,1279.69,1283.91,1267.03,2019-01-02 08:45:00,1283.91,13.054,-465.0540000000027,303017.9809999995,1.0,26047.056999999622,0.07915473840159128,131.0
1953,2018-12-31 22:30:00,sell,1.0,1278.97,1283.91,1264.1499999999999,2019-01-02 08:45:00,1283.91,13.054,-537.0540000000054,302480.9269999995,1.0,26584.110999999626,0.0807867987482757,131.0
1954,2018-12-28 05:45:00,buy,1.0,1276.68,1274.04,1284.6000000000004,2019-01-02 09:15:00,1284.6000000000004,-36.269999999999996,798.27000000003,303279.1969999995,5.0,25785.840999999607,0.07836092572070714,131.0
1955,2018-12-28 20:00:00,buy,1.0,1278.25,1276.06,1284.8200000000002,2019-01-02 09:15:00,1284.8200000000002,-36.269999999999996,663.2700000000164,303942.46699999954,4.0,25122.57099999959,0.07634530593918536,131.0
1956,2018-12-28 20:45:00,buy,1.0,1278.5,1276.06,1285.8200000000002,2019-01-02 09:30:00,1285.8200000000002,-36.269999999999996,738.2700000000164,304680.73699999956,4.0,24384.30099999957,0.07410176768763758,131.0
1957,2018-12-27 05:30:00,buy,1.0,1270.78,1265.57,1286.41,2019-01-02 09:45:00,1286.41,-48.36,1581.3600000000108,306262.09699999954,6.0,22802.940999999584,0.0692961523308339,131.0
1958,2018-12-31 10:45:00,buy,1.0,1279.73,1277.51,1286.39,2019-01-02 09:45:00,1286.39,-24.18,660.1800000000081,306922.27699999954,1.0,22142.76099999959,0.06728992279027725,131.0
1959,2018-12-27 13:00:00,buy,1.0,1271.76,1266.7,1286.9399999999998,2019-01-02 10:00:00,1286.9399999999998,-48.36,1536.3599999999835,308458.6369999995,5.0,20606.400999999605,0.06262105851548914,131.0
1960,2019-01-02 17:30:00,buy,1.0,1286.72,1284.24,1294.16,2019-01-02 17:30:00,1284.24,-0.0,-278.0000000000018,308180.6369999995,0.0,20884.400999999605,0.0634658763110521,131.0
1961,2019-01-02 20:15:00,buy,1.0,1286.97,1283.17,1298.37,2019-01-02 22:00:00,1283.17,-0.0,-409.99999999999545,307770.6369999995,0.0,21294.400999999605,0.06471183061386078,131.0
1962,2019-01-02 08:30:00,buy,1.0,1282.82,1278.94,1294.4599999999996,2019-01-02 22:45:00,1278.94,-0.0,-417.9999999999882,307352.6369999995,0.0,21712.400999999605,0.0659820962201389,131.0
1963,2019-01-02 17:15:00,sell,1.0,1285.02,1288.01,1276.05,2019-01-03 03:00:00,1288.01,19.581,-348.5810000000009,307004.0559999995,0.0,22060.98199999961,0.06704140352947392,131.0
1964,2019-01-02 17:45:00,sell,1.0,1284.43,1288.01,1273.6900000000003,2019-01-03 03:00:00,1288.01,19.581,-407.58099999999274,306596.4749999995,0.0,22468.562999999616,0.06828000670189605,131.0
1965,2019-01-02 20:45:00,sell,1.0,1283.77,1287.47,1272.6699999999998,2019-01-03 03:00:00,1287.47,19.581,-419.58100000000456,306176.8939999995,0.0,22888.143999999622,0.06955507682952232,131.0
1966,2019-01-03 19:30:00,sell,1.0,1287.84,1289.64,1282.4399999999994,2019-01-03 19:30:00,1289.64,0.0,-210.0000000000182,305966.8939999995,0.0,23098.143999999622,0.07019324854559505,131.0
1967,2019-01-03 14:30:00,sell,1.0,1288.05,1292.03,1276.11,2019-01-03 22:15:00,1292.03,0.0,-428.0000000000018,305538.8939999995,0.0,23526.143999999622,0.07149390328120997,131.0
1968,2019-01-03 19:45:00,buy,1.0,1289.41,1287.08,1296.4000000000005,2019-01-04 04:45:00,1296.4000000000005,-12.09,681.0900000000464,306219.98399999953,0.0,22845.053999999596,0.06942413007120998,131.0
1969,2019-01-03 19:15:00,buy,1.0,1289.57,1287.08,1297.04,2019-01-04 05:00:00,1297.04,-12.09,729.0900000000028,306949.07399999956,0.0,22115.96399999957,0.06720848904039338,131.0
1970,2019-01-04 11:00:00,sell,1.0,1294.26,1298.01,1283.01,2019-01-04 18:15:00,1283.01,0.0,1095.0,308044.07399999956,0.0,21020.96399999957,0.0638808793780141,131.0
1971,2019-01-03 03:15:00,buy,1.0,1289.2,1279.25,1319.0500000000002,2019-01-04 18:45:00,1279.25,-12.09,-1012.9100000000045,307031.1639999995,1.0,22033.873999999603,0.0669590246776677,131.0
1972,2019-01-07 05:30:00,buy,1.0,1287.55,1282.89,1301.5299999999995,2019-01-08 08:00:00,1282.89,-12.09,-483.9099999999855,306547.25399999955,1.0,22517.783999999578,0.06842958503540457,134.0
1973,2019-01-08 19:45:00,buy,1.0,1284.97,1280.54,1298.2600000000002,2019-01-09 14:30:00,1280.54,-12.09,-460.9100000000064,306086.3439999995,0.0,22978.69399999961,0.06983025039566698,135.0
1974,2019-01-09 07:15:00,sell,1.0,1283.68,1286.65,1274.77,2019-01-09 18:30:00,1286.65,0.0,-327.00000000000273,305759.3439999995,0.0,23305.69399999961,0.07082397492498024,135.0
1975,2019-01-07 19:45:00,sell,1.0,1287.87,1294.04,1269.3599999999997,2019-01-10 06:30:00,1294.04,32.635,-679.6350000000073,305079.7089999995,2.0,23985.32899999962,0.07288932651666168,135.0
1976,2019-01-11 16:15:00,buy,1.0,1292.87,1291.44,1297.1599999999994,2019-01-11 16:45:00,1291.44,-0.0,-172.99999999998363,304906.7089999995,0.0,24158.32899999962,0.07341505845418826,136.0
1977,2019-01-11 16:00:00,sell,1.0,1291.44,1295.05,1280.6100000000004,2019-01-14 14:45:00,1295.05,6.527,-397.52699999999,304509.1819999995,2.0,24555.85599999962,0.07462310839597516,138.0
1978,2019-01-11 17:45:00,sell,1.0,1292.17,1295.05,1283.5300000000004,2019-01-14 14:45:00,1295.05,6.527,-324.52699999998816,304184.6549999995,2.0,24880.382999999623,0.07560931769360345,138.0
1979,2019-01-15 04:30:00,sell,1.0,1290.78,1292.33,1286.13,2019-01-15 05:15:00,1292.33,0.0,-184.99999999999545,303999.6549999995,0.0,25065.382999999623,0.07617151658633418,138.0
1980,2019-01-15 05:45:00,buy,1.0,1292.64,1290.46,1299.1800000000003,2019-01-15 09:15:00,1290.46,-0.0,-248.00000000000637,303751.6549999995,0.0,25313.382999999623,0.07692516699388675,138.0
1981,2019-01-15 03:15:00,buy,1.0,1292.33,1289.74,1300.0999999999997,2019-01-15 11:45:00,1289.74,-0.0,-288.9999999999918,303462.6549999995,0.0,25602.382999999623,0.07780341283172018,138.0
1982,2019-01-15 17:30:00,sell,1.0,1288.28,1291.15,1279.6699999999996,2019-01-15 17:30:00,1291.15,0.0,-317.0000000000118,303145.6549999995,0.0,25919.382999999623,0.07876674823169666,138.0
1983,2019-01-15 08:15:00,sell,1.0,1291.29,1292.97,1286.2499999999998,2019-01-15 17:45:00,1292.97,0.0,-198.00000000000637,302947.6549999995,0.0,26117.382999999623,0.07936845299256523,138.0
1984,2019-01-15 16:30:00,buy,1.0,1291.15,1287.86,1301.0200000000007,2019-01-15 20:30:00,1287.86,-0.0,-359.0000000000191,302588.6549999995,0.0,26476.382999999623,0.08045942273575625,138.0
1985,2019-01-15 17:45:00,buy,1.0,1291.21,1287.86,1301.2600000000004,2019-01-15 20:30:00,1287.86,-0.0,-365.00000000001364,302223.6549999995,0.0,26841.382999999623,0.08156862595654935,138.0
1986,2019-01-14 05:30:00,buy,1.0,1290.69,1287.39,1300.59,2019-01-15 21:00:00,1287.39,-12.09,-347.9099999999955,301875.74499999953,1.0,27189.292999999598,0.08262589415530576,138.0
1987,2019-01-16 07:15:00,sell,1.0,1288.5,1290.71,1281.87,2019-01-16 09:30:00,1290.71,0.0,-251.00000000000364,301624.74499999953,0.0,27440.292999999598,0.08338866130165937,138.0
1988,2019-01-16 09:30:00,buy,1.0,1290.45,1288.5,1296.3000000000002,2019-01-16 15:30:00,1288.5,-0.0,-225.00000000000455,301399.74499999953,0.0,27665.292999999598,0.0840724167117373,138.0
1989,2019-01-16 14:15:00,sell,1.0,1289.4,1292.03,1281.5100000000004,2019-01-16 18:45:00,1292.03,0.0,-292.9999999999882,301106.74499999953,0.0,27958.292999999598,0.08496281820130545,138.0
1990,2019-01-15 20:45:00,sell,1.0,1288.01,1294.36,1268.9600000000003,2019-01-16 19:45:00,1294.36,6.527,-671.526999999991,300435.2179999995,0.0,28629.8199999996,0.0870035302869206,138.0
1991,2019-01-17 07:45:00,sell,1.0,1292.52,1294.86,1285.5000000000002,2019-01-17 12:45:00,1294.86,0.0,-263.9999999999918,300171.2179999995,0.0,28893.8199999996,0.08780580330141204,138.0
1992,2019-01-17 12:45:00,buy,1.0,1294.33,1291.38,1303.1799999999994,2019-01-17 17:30:00,1291.38,-0.0,-324.9999999999818,299846.2179999995,0.0,29218.8199999996,0.08879345000485793,138.0
1993,2019-01-17 23:30:00,buy,1.0,1292.59,1290.09,1300.09,2019-01-17 23:45:00,1290.09,-0.0,-280.0,299566.2179999995,0.0,29498.8199999996,0.08964434562628826,138.0
1994,2019-01-18 04:00:00,buy,1.0,1292.27,1290.69,1297.0099999999998,2019-01-18 04:30:00,1290.69,-0.0,-187.99999999999272,299378.2179999995,0.0,29686.8199999996,0.09021566125782003,138.0
1995,2019-01-18 08:15:00,buy,1.0,1291.96,1290.79,1295.4700000000003,2019-01-18 10:00:00,1290.79,-0.0,-147.00000000000728,299231.2179999995,0.0,29833.8199999996,0.09066238145907095,138.0
1996,2019-01-18 10:30:00,buy,1.0,1291.88,1290.79,1295.1500000000005,2019-01-18 11:15:00,1290.79,-0.0,-139.00000000001455,299092.2179999995,0.0,29972.8199999996,0.09108479035685244,138.0
1997,2019-01-16 18:15:00,buy,1.0,1290.81,1288.2,1298.6399999999996,2019-01-18 12:15:00,1288.2,-48.36,-242.63999999998998,298849.5779999995,1.0,30215.459999999614,0.09182215219108052,138.0
1998,2019-01-11 05:45:00,buy,1.0,1289.84,1286.15,1300.9099999999994,2019-01-18 13:15:00,1286.15,-84.63,-314.3699999999827,298535.2079999995,7.0,30529.82999999961,0.09277749525004139,138.0
1999,2019-01-16 04:30:00,buy,1.0,1290.51,1287.31,1300.1100000000001,2019-01-18 13:15:00,1287.31,-48.36,-301.64000000000453,298233.5679999995,2.0,30831.469999999623,0.09369415294735658,138.0
2000,2019-01-17 23:45:00,sell,1.0,1291.37,1292.83,1286.9899999999998,2019-01-18 13:15:00,1286.9899999999998,6.527,401.4730000000109,298635.0409999995,0.0,30429.996999999625,0.09247411145513339,138.0
2001,2019-01-18 04:15:00,sell,1.0,1291.07,1292.83,1285.79,2019-01-18 13:15:00,1285.79,0.0,497.99999999999727,299133.0409999995,0.0,29931.996999999625,0.09096073281416091,138.0
2002,2019-01-18 09:45:00,sell,1.0,1291.09,1292.27,1287.5499999999997,2019-01-18 13:15:00,1287.5499999999997,0.0,324.0000000000191,299457.0409999995,0.0,29607.996999999625,0.08997612502364868,138.0
2003,2019-01-18 11:30:00,sell,1.0,1290.51,1292.06,1285.8600000000001,2019-01-18 13:15:00,1285.8600000000001,0.0,434.99999999998636,299892.0409999995,0.0,29172.996999999625,0.08865419789749801,138.0
2004,2019-01-09 17:45:00,buy,1.0,1284.94,1280.46,1298.38,2019-01-21 12:30:00,1280.46,-145.07999999999998,-332.92000000000183,299559.1209999995,11.0,29505.91699999961,0.0896659127913786,140.0
2005,2019-01-10 13:30:00,sell,1.0,1292.77,1296.89,1280.4099999999996,2019-01-21 12:30:00,1280.4099999999996,58.743,1147.2570000000355,300706.37799999956,10.0,28358.659999999567,0.0861794986558239,140.0
2006,2019-01-17 17:45:00,sell,1.0,1290.99,1294.59,1280.1900000000003,2019-01-21 12:30:00,1280.1900000000003,13.054,1036.9459999999726,301743.32399999956,3.0,27321.71399999957,0.08302831004489648,140.0
2007,2019-01-21 05:00:00,buy,1.0,1283.41,1280.6,1291.8400000000006,2019-01-21 12:30:00,1280.6,-0.0,-311.0000000000173,301432.32399999956,0.0,27632.71399999957,0.08397341196727087,140.0
2008,2019-01-21 11:15:00,buy,1.0,1282.75,1281.19,1287.4299999999998,2019-01-21 12:30:00,1281.19,-0.0,-185.99999999999454,301246.32399999956,0.0,27818.71399999957,0.08453864977293529,140.0
2009,2019-01-22 05:15:00,sell,1.0,1279.04,1280.72,1273.9999999999998,2019-01-22 11:15:00,1280.72,0.0,-198.00000000000637,301048.32399999956,0.0,28016.71399999957,0.08514035453380388,140.0
2010,2019-01-21 07:30:00,sell,1.0,1281.7,1283.41,1276.57,2019-01-22 12:00:00,1283.41,6.527,-207.52700000000362,300840.79699999955,1.0,28224.240999999573,0.08577101101819162,140.0
2011,2019-01-21 12:45:00,sell,1.0,1280.14,1283.09,1271.2900000000006,2019-01-22 12:00:00,1283.09,6.527,-331.5269999999818,300509.26999999955,0.0,28555.767999999574,0.08677849270635567,140.0
2012,2019-01-22 19:30:00,sell,1.0,1279.89,1284.43,1266.2700000000002,2019-01-22 22:00:00,1284.43,0.0,-483.99999999999636,300025.26999999955,0.0,29039.767999999574,0.08824932656625664,140.0
2013,2019-01-23 08:30:00,sell,1.0,1283.83,1285.2,1279.7199999999996,2019-01-23 12:00:00,1285.2,0.0,-167.00000000001182,299858.26999999955,0.0,29206.767999999574,0.08875682502618115,140.0
2014,2019-01-23 11:45:00,buy,1.0,1285.0,1283.37,1289.8900000000003,2019-01-23 17:15:00,1283.37,-0.0,-193.0000000000109,299665.26999999955,0.0,29399.767999999574,0.08934333522238133,140.0
2015,2019-01-22 21:30:00,buy,1.0,1282.96,1279.89,1292.1699999999998,2019-01-23 18:00:00,1279.89,-12.09,-324.90999999999366,299340.3599999996,0.0,29724.67799999955,0.09033070842366313,140.0
2016,2019-01-24 05:15:00,buy,1.0,1284.28,1282.28,1290.28,2019-01-24 08:30:00,1282.28,-0.0,-230.0,299110.3599999996,0.0,29954.67799999955,0.09102965839840946,140.0
2017,2019-01-23 21:15:00,buy,1.0,1285.13,1279.12,1303.1600000000008,2019-01-24 12:45:00,1279.12,-36.269999999999996,-594.7300000000218,298515.62999999954,0.0,30549.40799999959,0.09283699108745691,140.0
2018,2019-01-24 07:45:00,sell,1.0,1282.71,1284.41,1277.61,2019-01-24 17:15:00,1277.61,0.0,480.00000000001364,298995.62999999954,0.0,30069.40799999959,0.09137831287929066,140.0
2019,2019-01-21 19:45:00,buy,1.0,1280.01,1277.16,1288.5599999999997,2019-01-24 17:30:00,1277.16,-60.45,-254.54999999999092,298741.07999999955,2.0,30323.957999999577,0.09215186816655879,140.0
2020,2019-01-22 11:30:00,buy,1.0,1281.0,1277.55,1291.3500000000001,2019-01-24 17:30:00,1277.55,-48.36,-326.64000000000453,298414.43999999954,2.0,30650.59799999959,0.09314449868721597,140.0
2021,2019-01-25 06:15:00,sell,1.0,1280.29,1281.71,1276.0299999999997,2019-01-25 06:30:00,1281.71,0.0,-172.00000000000728,298242.43999999954,0.0,30822.59799999959,0.09366719171180887,140.0
2022,2019-01-24 22:45:00,sell,1.0,1280.47,1283.4,1271.6799999999998,2019-01-25 10:30:00,1283.4,6.527,-329.52700000000635,297912.91299999953,0.0,31152.124999999593,0.09466859557410555,140.0
2023,2019-01-23 17:30:00,sell,1.0,1282.11,1286.27,1269.6299999999997,2019-01-25 17:30:00,1286.27,26.108,-472.1080000000082,297440.8049999995,2.0,31624.2329999996,0.09610329068139924,140.0
2024,2019-01-24 00:45:00,sell,1.0,1283.17,1285.4,1276.48,2019-01-25 17:30:00,1285.4,6.527,-259.5270000000018,297181.2779999995,1.0,31883.759999999602,0.09689197063833833,140.0
2025,2019-01-25 03:15:00,buy,1.0,1281.09,1279.65,1285.4099999999994,2019-01-25 17:30:00,1285.4099999999994,-0.0,401.99999999994816,297583.27799999947,0.0,31481.75999999966,0.09567032763899927,140.0
2026,2019-01-25 06:45:00,buy,1.0,1281.78,1279.73,1287.9299999999998,2019-01-25 17:30:00,1287.9299999999998,-0.0,584.9999999999864,298168.27799999947,0.0,30896.75999999966,0.09389256357279664,140.0
2027,2019-01-14 18:00:00,sell,1.0,1289.77,1295.59,1272.3100000000002,2019-01-25 19:15:00,1295.59,84.851,-696.8509999999936,297471.4269999995,11.0,31593.610999999626,0.09601023308954416,140.0
2028,2019-01-24 18:45:00,buy,1.0,1282.85,1278.37,1296.29,2019-01-25 19:15:00,1296.29,-12.09,1326.0900000000054,298797.5169999995,1.0,30267.5209999996,0.09198036103732078,140.0
2029,2019-01-28 12:30:00,sell,1.0,1300.49,1304.07,1289.7500000000002,2019-01-28 22:15:00,1304.07,0.0,-387.9999999999927,298409.5169999995,0.0,30655.5209999996,0.0931594592555885,143.0
2030,2019-01-30 14:45:00,sell,1.0,1312.93,1315.37,1305.6100000000006,2019-01-30 23:00:00,1315.37,0.0,-273.9999999999827,298135.5169999995,0.0,30929.5209999996,0.09399212139941673,145.0
2031,2019-01-28 19:15:00,buy,1.0,1303.62,1298.49,1319.0099999999995,2019-01-30 23:30:00,1319.0099999999995,-24.18,1533.1799999999646,299668.6969999995,2.0,29396.340999999607,0.08933292086775771,145.0
2032,2019-02-01 13:45:00,buy,1.0,1319.27,1316.72,1326.9199999999998,2019-02-01 19:00:00,1316.72,-0.0,-284.99999999999545,299383.6969999995,0.0,29681.340999999607,0.09019901105385643,146.0
2033,2019-01-30 23:15:00,buy,1.0,1317.01,1309.65,1339.0899999999997,2019-02-04 18:00:00,1309.65,-60.45,-705.54999999999,298678.14699999953,4.0,30386.890999999596,0.09234311607421411,148.0
2034,2019-01-31 21:00:00,sell,1.0,1321.35,1325.47,1308.9899999999996,2019-02-04 18:00:00,1308.9899999999996,13.054,1192.9460000000354,299871.0929999996,3.0,29193.94499999954,0.08871785704563248,148.0
2035,2019-02-05 01:15:00,sell,1.0,1312.21,1314.74,1304.6200000000001,2019-02-05 08:00:00,1314.74,0.0,-282.99999999999727,299588.0929999996,0.0,29476.94499999954,0.08957786940586383,148.0
2036,2019-02-05 06:30:00,buy,1.0,1313.61,1311.29,1320.5699999999997,2019-02-05 13:15:00,1311.29,-0.0,-261.99999999999363,299326.0929999996,0.0,29738.94499999954,0.09037406459448792,148.0
2037,2019-02-05 12:15:00,sell,1.0,1313.5,1315.14,1308.5799999999997,2019-02-05 17:15:00,1315.14,0.0,-194.00000000001,299132.0929999996,0.0,29932.94499999954,0.09096361370362177,148.0
2038,2019-02-06 06:00:00,sell,1.0,1313.39,1315.57,1306.8500000000006,2019-02-06 06:15:00,1315.57,0.0,-247.99999999998363,298884.0929999996,0.0,30180.94499999954,0.09171726411117434,148.0
2039,2019-02-06 12:30:00,buy,1.0,1315.2,1313.34,1320.7800000000004,2019-02-06 13:30:00,1313.34,-0.0,-216.00000000001273,298668.0929999996,0.0,30396.94499999954,0.09237366930484917,148.0
2040,2019-02-06 18:30:00,buy,1.0,1313.82,1311.8,1319.8799999999999,2019-02-06 20:00:00,1311.8,-0.0,-231.99999999999818,298436.0929999996,0.0,30628.94499999954,0.09307869710546285,148.0
2041,2019-02-04 19:30:00,buy,1.0,1313.89,1310.07,1325.3500000000006,2019-02-06 22:00:00,1310.07,-24.18,-387.82000000001636,298048.2729999996,2.0,31016.76499999955,0.09425724831940253,148.0
2042,2019-02-05 16:00:00,buy,1.0,1314.51,1311.09,1324.7700000000002,2019-02-06 22:00:00,1311.09,-12.09,-359.9100000000073,297688.36299999955,1.0,31376.67499999958,0.0953509834733633,148.0
2043,2019-02-06 14:00:00,sell,1.0,1313.78,1315.3,1309.22,2019-02-06 22:15:00,1309.22,0.0,425.99999999999454,298114.36299999955,0.0,30950.67499999958,0.09405640656361575,148.0
2044,2019-02-06 18:45:00,sell,1.0,1313.49,1315.09,1308.6900000000003,2019-02-06 23:00:00,1308.6900000000003,0.0,449.9999999999727,298564.36299999955,0.0,30500.67499999958,0.09268889574345987,148.0
2045,2019-02-01 19:45:00,sell,1.0,1317.31,1321.91,1303.5099999999995,2019-02-07 05:45:00,1303.5099999999995,39.162,1310.838000000041,299875.2009999996,5.0,29189.836999999534,0.0887053731913009,148.0
2046,2019-02-08 06:15:00,sell,1.0,1309.53,1311.18,1304.5799999999997,2019-02-08 14:15:00,1311.18,0.0,-195.0000000000091,299680.2009999996,0.0,29384.836999999534,0.08929796121336844,149.0
2047,2019-02-07 14:00:00,buy,1.0,1305.96,1302.99,1314.8700000000001,2019-02-08 17:30:00,1314.8700000000001,-12.09,873.0900000000082,300553.2909999996,1.0,28511.74699999951,0.08664471672010195,149.0
2048,2019-02-11 04:15:00,sell,1.0,1313.64,1315.1,1309.2600000000007,2019-02-11 12:45:00,1309.2600000000007,0.0,407.9999999999427,300961.29099999956,0.0,28103.746999999566,0.0854048402431608,151.0
2049,2019-02-08 14:15:00,buy,1.0,1310.19,1307.83,1317.2700000000004,2019-02-11 13:30:00,1307.83,-12.09,-253.91000000001273,300707.3809999995,2.0,28357.6569999996,0.08617645062615152,151.0
2050,2019-02-12 03:45:00,sell,1.0,1307.83,1309.63,1302.4299999999994,2019-02-12 10:00:00,1309.63,0.0,-210.0000000000182,300497.3809999995,0.0,28567.6569999996,0.08681462234222426,151.0
2051,2019-02-12 06:30:00,buy,1.0,1308.39,1307.09,1312.2900000000006,2019-02-12 11:00:00,1312.2900000000006,-0.0,360.00000000005457,300857.3809999996,0.0,28207.65699999954,0.08572061368609939,151.0
2052,2019-02-13 03:00:00,sell,1.0,1310.92,1311.84,1308.1600000000005,2019-02-13 05:45:00,1311.84,0.0,-121.99999999998454,300735.3809999996,0.0,28329.65699999954,0.08609136106400832,151.0
2053,2019-02-13 04:15:00,sell,1.0,1309.83,1311.84,1303.8,2019-02-13 05:45:00,1311.84,0.0,-230.9999999999991,300504.3809999996,0.0,28560.65699999954,0.08679334995168833,151.0
2054,2019-02-13 06:00:00,buy,1.0,1311.73,1309.66,1317.9399999999998,2019-02-13 16:30:00,1309.66,-0.0,-236.99999999999363,300267.3809999996,0.0,28797.65699999954,0.08751357231697042,151.0
2055,2019-02-13 03:15:00,buy,1.0,1311.35,1309.26,1317.6199999999997,2019-02-13 16:45:00,1309.26,-0.0,-238.99999999999181,300028.3809999996,0.0,29036.65699999954,0.08823987250811986,151.0
2056,2019-02-13 01:15:00,buy,1.0,1310.94,1308.67,1317.75,2019-02-13 17:00:00,1308.67,-0.0,-256.9999999999982,299771.3809999996,0.0,29293.65699999954,0.08902087313207555,151.0
2057,2019-02-13 14:45:00,sell,1.0,1311.49,1313.59,1305.1900000000003,2019-02-13 18:30:00,1313.59,0.0,-239.9999999999909,299531.3809999996,0.0,29533.65699999954,0.08975021223615867,151.0
2058,2019-02-12 19:00:00,sell,1.0,1310.35,1314.56,1297.7199999999998,2019-02-13 19:00:00,1314.56,6.527,-457.5270000000036,299073.8539999996,1.0,29991.183999999543,0.09114059695396635,151.0
2059,2019-02-13 19:00:00,buy,1.0,1313.25,1309.0,1326.0,2019-02-13 23:00:00,1309.0,-0.0,-455.0,298618.8539999996,0.0,30446.183999999543,0.09252330233879062,151.0
2060,2019-02-14 11:15:00,sell,1.0,1308.1,1309.09,1305.1299999999999,2019-02-14 11:30:00,1309.09,0.0,-129.0000000000009,298489.8539999996,0.0,30575.183999999543,0.0929153221072353,151.0
2061,2019-02-14 11:45:00,buy,1.0,1309.08,1307.95,1312.4699999999996,2019-02-14 12:15:00,1307.95,-0.0,-142.99999999998818,298346.8539999996,0.0,30718.183999999543,0.0933498866567515,151.0
2062,2019-02-14 08:30:00,buy,1.0,1308.42,1305.54,1317.0600000000004,2019-02-14 12:45:00,1305.54,-0.0,-318.0000000000109,298028.8539999996,0.0,31036.183999999543,0.09431626096966164,151.0
2063,2019-02-11 20:45:00,buy,1.0,1309.63,1303.82,1327.0600000000006,2019-02-14 16:45:00,1303.82,-60.45,-550.5500000000172,297478.3039999996,2.0,31586.73399999953,0.09598933448529896,151.0
2064,2019-02-14 12:45:00,sell,1.0,1306.51,1309.31,1298.1100000000001,2019-02-14 17:30:00,1309.31,0.0,-309.99999999999545,297168.3039999996,0.0,31896.73399999953,0.09693139749473967,151.0
2065,2019-02-13 22:30:00,sell,1.0,1311.85,1316.57,1297.6899999999998,2019-02-15 14:15:00,1316.57,26.108,-528.1080000000027,296640.1959999996,1.0,32424.84199999954,0.09853627172631942,151.0
2066,2019-02-15 20:00:00,sell,1.0,1314.43,1318.85,1301.1700000000005,2019-02-15 22:15:00,1318.85,0.0,-471.99999999998454,296168.1959999996,0.0,32896.84199999954,0.09997063863101624,151.0
2067,2019-02-18 12:00:00,sell,1.0,1321.86,1325.04,1312.3199999999997,2019-02-18 13:30:00,1325.04,0.0,-348.00000000000637,295820.1959999996,0.0,33244.84199999954,0.10102818033193678,153.0
2068,2019-02-15 21:30:00,buy,1.0,1317.19,1314.43,1325.47,2019-02-18 16:15:00,1325.47,-12.09,810.0899999999973,296630.2859999996,2.0,32434.751999999513,0.0985663873534921,153.0
2069,2019-02-19 05:45:00,sell,1.0,1324.39,1326.63,1317.67,2019-02-19 12:00:00,1326.63,0.0,-254.0000000000009,296376.2859999996,0.0,32688.751999999513,0.09933827123864675,153.0
2070,2019-02-18 13:30:00,buy,1.0,1323.89,1321.86,1329.9800000000007,2019-02-19 13:15:00,1329.9800000000007,-12.09,591.0900000000601,296967.3759999997,0.0,32097.66199999943,0.09754200019267777,153.0
2071,2019-02-14 18:00:00,buy,1.0,1311.09,1304.32,1331.3999999999999,2019-02-19 16:45:00,1331.3999999999999,-36.269999999999996,2037.2699999999945,299004.6459999997,4.0,30060.39199999941,0.09135091404028006,153.0
2072,2019-02-19 12:15:00,buy,1.0,1326.31,1322.93,1336.4499999999996,2019-02-19 19:15:00,1336.4499999999996,-0.0,983.9999999999645,299988.64599999966,0.0,29076.39199999947,0.08836062371353941,153.0
2073,2019-02-20 13:15:00,sell,1.0,1342.25,1345.48,1332.56,2019-02-20 19:00:00,1345.48,0.0,-353.0000000000018,299635.64599999966,0.0,29429.39199999947,0.08943335997912834,153.0
2074,2019-02-20 11:15:00,buy,1.0,1342.63,1341.26,1346.7400000000005,2019-02-20 23:00:00,1341.26,-0.0,-167.00000000001182,299468.64599999966,0.0,29596.39199999947,0.08994085843905285,153.0
2075,2019-02-20 13:30:00,buy,1.0,1344.26,1341.46,1352.6599999999999,2019-02-20 23:00:00,1341.46,-0.0,-309.99999999999545,299158.64599999966,0.0,29906.39199999947,0.09088292144849355,153.0
2076,2019-02-20 11:00:00,sell,1.0,1341.64,1346.47,1327.1500000000003,2019-02-21 21:30:00,1327.1500000000003,19.581,1399.4189999999783,300558.06499999965,1.0,28506.972999999474,0.08663020894975645,153.0
2077,2019-02-22 12:00:00,buy,1.0,1326.38,1324.55,1331.8700000000006,2019-02-22 13:15:00,1324.55,-0.0,-213.00000000001546,300345.06499999965,0.0,28719.972999999474,0.08727749740463024,153.0
2078,2019-02-22 13:45:00,sell,1.0,1322.83,1326.64,1311.3999999999994,2019-02-22 17:15:00,1326.64,0.0,-411.0000000000173,299934.06499999965,0.0,29130.972999999474,0.0885264906203726,153.0
2079,2019-02-25 05:30:00,buy,1.0,1329.35,1327.23,1335.7099999999996,2019-02-25 17:15:00,1327.23,-0.0,-241.9999999999891,299692.06499999965,0.0,29372.972999999474,0.08926190755032308,156.0
2080,2019-02-25 15:45:00,buy,1.0,1330.76,1328.16,1338.5599999999997,2019-02-25 17:15:00,1328.16,-0.0,-289.9999999999909,299402.06499999965,0.0,29662.972999999474,0.09014319230109019,156.0
2081,2019-02-25 17:15:00,sell,1.0,1329.04,1330.76,1323.8799999999999,2019-02-25 17:45:00,1330.76,0.0,-202.00000000000273,299200.06499999965,0.0,29864.972999999474,0.0907570527136935,156.0
2082,2019-02-25 12:15:00,sell,1.0,1329.64,1331.57,1323.8500000000006,2019-02-25 18:00:00,1331.57,0.0,-222.99999999998363,298977.06499999965,0.0,30087.972999999474,0.09143473029790407,156.0
2083,2019-02-25 18:15:00,buy,1.0,1330.34,1326.89,1340.6899999999994,2019-02-25 20:30:00,1326.89,-0.0,-374.9999999999818,298602.06499999965,0.0,30462.972999999474,0.09257432264803396,156.0
2084,2019-02-26 06:30:00,buy,1.0,1328.21,1326.6,1333.0400000000004,2019-02-26 11:15:00,1326.6,-0.0,-191.00000000001273,298411.06499999965,0.0,30653.972999999474,0.09315475501836679,156.0
2085,2019-02-26 11:15:00,sell,1.0,1327.47,1329.66,1320.8999999999999,2019-02-27 04:15:00,1329.66,6.527,-255.52700000000544,298155.53799999965,0.0,30909.499999999476,0.09393127932357116,156.0
2086,2019-02-27 16:45:00,sell,1.0,1326.48,1327.68,1322.8799999999999,2019-02-27 17:00:00,1327.68,0.0,-150.00000000000455,298005.53799999965,0.0,31059.499999999476,0.09438711626362312,156.0
2087,2019-02-27 16:30:00,buy,1.0,1327.25,1325.79,1331.63,2019-02-27 17:30:00,1325.79,-0.0,-176.00000000000364,297829.53799999965,0.0,31235.499999999476,0.09492196493995074,156.0
2088,2019-02-27 17:15:00,buy,1.0,1328.05,1325.79,1334.83,2019-02-27 17:30:00,1325.79,-0.0,-255.9999999999991,297573.53799999965,0.0,31491.499999999476,0.09569992665097275,156.0
2089,2019-02-26 20:15:00,buy,1.0,1328.15,1323.87,1340.9900000000007,2019-02-27 18:30:00,1323.87,-12.09,-445.91000000002003,297127.6279999996,0.0,31937.40999999951,0.09705500831722996,156.0
2090,2019-02-27 17:30:00,sell,1.0,1326.55,1328.05,1322.05,2019-02-27 19:00:00,1322.05,0.0,420.0,297547.6279999996,0.0,31517.40999999951,0.09577866488508449,156.0
2091,2019-02-22 18:00:00,buy,1.0,1328.69,1321.91,1349.03,2019-02-27 20:15:00,1321.91,-36.269999999999996,-671.7299999999973,296875.89799999964,5.0,32189.13999999949,0.0978199938700251,156.0
2092,2019-02-20 23:15:00,sell,1.0,1339.06,1346.02,1318.1799999999998,2019-02-27 21:30:00,1318.1799999999998,45.689,2012.3110000000108,298888.2089999996,6.0,30176.828999999503,0.0917047559455392,156.0
2093,2019-02-25 20:15:00,sell,1.0,1328.19,1331.37,1318.6500000000005,2019-02-27 21:30:00,1318.6500000000005,13.054,910.9459999999509,299799.15499999956,2.0,29265.882999999565,0.0889364703642556,156.0
2094,2019-02-27 07:15:00,sell,1.0,1326.64,1329.8,1317.1600000000005,2019-02-27 21:30:00,1317.1600000000005,0.0,917.9999999999563,300717.1549999995,0.0,28347.882999999623,0.0861467482911378,156.0
2095,2019-02-28 11:30:00,buy,1.0,1321.85,1317.32,1335.4399999999998,2019-02-28 18:45:00,1317.32,-0.0,-482.99999999999727,300234.1549999995,0.0,28830.882999999623,0.08761454323810511,156.0
2096,2019-02-23 01:15:00,sell,1.0,1328.34,1332.71,1315.2299999999996,2019-02-28 19:15:00,1315.2299999999996,32.635,1248.3650000000355,301482.51999999955,5.0,27582.517999999574,0.08382087069365189,156.0
2097,2019-02-28 18:15:00,sell,1.0,1319.91,1326.72,1299.4800000000002,2019-03-01 21:00:00,1299.4800000000002,6.527,2006.4729999999836,303488.99299999955,1.0,25576.044999999576,0.07772337394287279,157.0
2098,2019-03-04 08:30:00,buy,1.0,1296.43,1292.88,1307.08,2019-03-04 11:15:00,1292.88,-0.0,-384.99999999999545,303103.99299999955,0.0,25961.044999999576,0.07889335542233947,159.0
2099,2019-03-04 09:15:00,sell,1.0,1295.94,1296.95,1292.91,2019-03-04 11:15:00,1292.91,0.0,272.99999999999727,303376.99299999955,0.0,25688.044999999576,0.07806373219144491,159.0
2100,2019-03-05 06:45:00,buy,1.0,1287.89,1285.67,1294.5500000000002,2019-03-05 11:15:00,1285.67,-0.0,-252.00000000000273,303124.99299999955,0.0,25940.044999999576,0.0788295382507322,160.0
2101,2019-03-05 17:30:00,buy,1.0,1286.79,1283.94,1295.3399999999997,2019-03-05 19:00:00,1283.94,-0.0,-314.9999999999909,302809.99299999955,0.0,26255.044999999576,0.0797867958248413,160.0
2102,2019-03-05 18:30:00,sell,1.0,1284.9,1287.34,1277.5800000000006,2019-03-06 00:15:00,1287.34,6.527,-280.5269999999827,302529.46599999955,0.0,26535.571999999578,0.08063929295338768,160.0
2103,2019-03-05 11:30:00,sell,1.0,1285.07,1288.91,1273.5499999999995,2019-03-06 04:00:00,1288.91,6.527,-420.52700000001454,302108.93899999955,0.0,26956.09899999958,0.08191723789264921,160.0
2104,2019-03-06 23:00:00,sell,1.0,1285.77,1287.19,1281.5099999999998,2019-03-07 00:45:00,1287.19,19.581,-191.58100000000726,301917.35799999954,0.0,27147.679999999586,0.08249943587139652,160.0
2105,2019-03-06 21:30:00,buy,1.0,1287.12,1284.23,1295.7899999999995,2019-03-07 10:00:00,1284.23,-36.269999999999996,-282.7299999999873,301634.62799999956,0.0,27430.409999999567,0.08335862772513572,160.0
2106,2019-03-07 00:45:00,buy,1.0,1286.84,1284.23,1294.6699999999996,2019-03-07 10:00:00,1284.23,-0.0,-290.99999999999,301343.62799999956,0.0,27721.409999999567,0.08424295138883652,160.0
2107,2019-03-05 23:30:00,buy,1.0,1285.69,1282.7,1294.66,2019-03-07 12:00:00,1282.7,-48.36,-280.6400000000009,301062.98799999955,1.0,28002.04999999958,0.08509579191454443,160.0
2108,2019-03-07 08:00:00,sell,1.0,1286.54,1287.83,1282.67,2019-03-07 12:00:00,1282.67,0.0,356.9999999999891,301419.98799999955,0.0,27645.04999999958,0.08401089999722078,160.0
2109,2019-03-07 13:45:00,buy,1.0,1286.36,1283.27,1295.6299999999997,2019-03-07 17:30:00,1283.27,-0.0,-338.9999999999918,301080.98799999955,0.0,27984.04999999958,0.08504109148173819,160.0
2110,2019-03-07 17:45:00,sell,1.0,1283.82,1287.62,1272.42,2019-03-07 19:30:00,1287.62,0.0,-409.99999999999545,300670.98799999955,0.0,28394.04999999958,0.08628704578454688,160.0
2111,2019-03-08 01:00:00,buy,1.0,1285.81,1284.9,1288.5399999999995,2019-03-08 03:00:00,1284.9,-0.0,-120.99999999998545,300549.98799999955,0.0,28515.04999999958,0.08665475424952211,160.0
2112,2019-03-08 03:00:00,sell,1.0,1285.81,1286.78,1282.8999999999999,2019-03-08 05:45:00,1286.78,0.0,-127.00000000000273,300422.98799999955,0.0,28642.04999999958,0.08704069619209943,160.0
2113,2019-03-07 20:45:00,sell,1.0,1285.11,1287.81,1277.0099999999998,2019-03-08 08:45:00,1287.81,6.527,-306.52700000000453,300116.46099999954,0.0,28948.576999999583,0.08797220505692148,160.0
2114,2019-03-08 00:30:00,sell,1.0,1285.23,1287.81,1277.4900000000002,2019-03-08 08:45:00,1287.81,0.0,-287.9999999999927,299828.46099999954,0.0,29236.576999999583,0.08884741198182124,160.0
2115,2019-03-08 03:15:00,buy,1.0,1285.77,1284.9,1288.3799999999997,2019-03-08 09:00:00,1288.3799999999997,-0.0,230.99999999996726,300059.4609999995,0.0,29005.57699999964,0.0881454230941414,160.0
2116,2019-03-06 13:30:00,sell,1.0,1285.73,1290.47,1271.51,2019-03-08 09:45:00,1290.47,26.108,-530.1080000000009,299529.3529999995,1.0,29535.68499999965,0.0897563751515885,160.0
2117,2019-03-07 23:15:00,buy,1.0,1286.1,1283.82,1292.9399999999998,2019-03-08 10:15:00,1292.9399999999998,-12.09,666.0899999999918,300195.44299999945,0.0,28869.59499999968,0.08773218563559389,160.0
2118,2019-03-07 20:00:00,buy,1.0,1286.78,1283.82,1295.66,2019-03-08 13:15:00,1295.66,-12.09,870.090000000011,301065.5329999995,0.0,27999.504999999655,0.08508805788112844,160.0
2119,2019-03-11 09:30:00,buy,1.0,1297.25,1295.93,1301.2099999999998,2019-03-11 11:45:00,1295.93,-0.0,-161.99999999999363,300903.5329999995,0.0,28161.504999999655,0.08558036177638455,162.0
2120,2019-03-12 03:00:00,sell,1.0,1292.89,1293.79,1290.1900000000005,2019-03-12 05:00:00,1293.79,0.0,-119.99999999998636,300783.5329999995,0.0,28281.504999999655,0.08594503132842611,162.0
2121,2019-03-12 03:45:00,sell,1.0,1292.44,1293.79,1288.3900000000003,2019-03-12 05:00:00,1293.79,0.0,-164.9999999999909,300618.5329999995,0.0,28446.504999999655,0.08644645196248327,162.0
2122,2019-03-11 12:00:00,sell,1.0,1296.35,1298.74,1289.1799999999996,2019-03-12 16:30:00,1298.74,6.527,-275.52700000001,300343.00599999947,1.0,28722.031999999657,0.08728375452636124,162.0
2123,2019-03-11 03:00:00,sell,1.0,1296.88,1300.13,1287.13,2019-03-12 22:30:00,1300.13,6.527,-361.527,299981.47899999947,1.0,29083.55899999966,0.08838240360253567,162.0
2124,2019-03-12 02:45:00,buy,1.0,1293.53,1290.83,1301.63,2019-03-12 22:45:00,1301.63,-0.0,780.0000000000136,300761.47899999947,0.0,28303.55899999966,0.0860120515142655,162.0
2125,2019-03-12 03:15:00,buy,1.0,1293.24,1290.83,1300.4700000000003,2019-03-12 22:45:00,1300.4700000000003,-0.0,693.0000000000246,301454.47899999947,0.0,27610.55899999966,0.08390608485122547,162.0
2126,2019-03-12 05:15:00,buy,1.0,1294.23,1291.62,1302.0600000000004,2019-03-12 23:00:00,1302.0600000000004,-0.0,753.0000000000382,302207.4789999995,0.0,26857.5589999996,0.08161778341216447,162.0
2127,2019-03-14 05:15:00,sell,1.0,1307.27,1311.16,1295.5999999999997,2019-03-14 17:00:00,1295.5999999999997,0.0,1137.00000000003,303344.4789999996,0.0,25720.558999999543,0.07816253940657047,163.0
2128,2019-03-15 21:45:00,buy,1.0,1302.87,1301.55,1306.8299999999997,2019-03-15 22:45:00,1301.55,-0.0,-161.99999999999363,303182.4789999996,0.0,25882.558999999543,0.0786548433018266,164.0
2129,2019-03-15 20:45:00,sell,1.0,1301.96,1305.17,1292.33,2019-03-18 13:45:00,1305.17,6.527,-357.5270000000036,302824.9519999996,2.0,26240.085999999545,0.0797413367262663,166.0
2130,2019-03-15 22:00:00,sell,1.0,1302.54,1305.17,1294.6499999999996,2019-03-18 13:45:00,1305.17,6.527,-299.5270000000109,302525.4249999996,2.0,26539.612999999546,0.08065157320055258,166.0
2131,2019-03-18 20:45:00,sell,1.0,1303.07,1305.89,1294.6099999999994,2019-03-19 05:15:00,1305.89,6.527,-318.52700000001636,302206.8979999996,0.0,26858.13999999955,0.08161954902057879,166.0
2132,2019-03-19 12:00:00,sell,1.0,1304.47,1307.69,1294.81,2019-03-19 14:30:00,1307.69,0.0,-352.00000000000273,301854.8979999996,0.0,27210.13999999955,0.08268924637323403,166.0
2133,2019-03-19 14:15:00,buy,1.0,1306.74,1304.47,1313.55,2019-03-20 05:00:00,1304.47,-12.09,-244.90999999999818,301609.9879999996,0.0,27455.049999999523,0.08343350653982146,166.0
2134,2019-03-19 04:30:00,buy,1.0,1305.35,1301.76,1316.1199999999997,2019-03-20 12:45:00,1301.76,-12.09,-376.90999999999184,301233.07799999963,1.0,27831.959999999497,0.08457890321365459,166.0
2135,2019-03-20 16:15:00,buy,1.0,1305.45,1301.96,1315.92,2019-03-20 19:30:00,1301.96,-0.0,-379.0000000000009,300854.07799999963,0.0,28210.959999999497,0.0857306512155192,166.0
2136,2019-03-18 11:00:00,buy,1.0,1303.57,1298.56,1318.6,2019-03-20 19:45:00,1298.56,-24.18,-506.8199999999991,300347.2579999996,2.0,28717.779999999504,0.08727083306856677,166.0
2137,2019-03-19 20:45:00,sell,1.0,1306.27,1309.91,1295.3499999999997,2019-03-20 22:00:00,1309.91,6.527,-400.52700000001,299946.7309999996,1.0,29118.306999999506,0.08848799974915471,166.0
2138,2019-03-20 19:30:00,sell,1.0,1303.18,1308.99,1285.7500000000002,2019-03-20 22:00:00,1308.99,0.0,-610.9999999999945,299335.7309999996,0.0,29729.306999999506,0.090344775551633,166.0
2139,2019-03-15 07:15:00,buy,1.0,1299.24,1293.97,1315.05,2019-03-20 22:15:00,1315.05,-36.269999999999996,1587.2699999999945,300923.00099999964,5.0,28142.036999999487,0.08552120021939116,166.0
2140,2019-03-21 14:45:00,sell,1.0,1316.22,1319.77,1305.5700000000002,2019-03-21 20:15:00,1305.5700000000002,0.0,1034.9999999999864,301958.00099999964,0.0,27107.036999999487,0.08237592533303267,166.0
2141,2019-03-22 08:30:00,sell,1.0,1308.72,1310.08,1304.6400000000003,2019-03-22 10:15:00,1310.08,0.0,-165.99999999999,301792.00099999964,0.0,27273.036999999487,0.0828803848800235,166.0
2142,2019-03-25 03:45:00,sell,1.0,1311.96,1313.6,1307.0400000000004,2019-03-25 04:45:00,1313.6,0.0,-193.99999999998727,301598.00099999964,0.0,27467.036999999487,0.08346993398915736,168.0
2143,2019-03-22 07:30:00,buy,1.0,1309.29,1307.07,1315.95,2019-03-25 08:15:00,1315.95,-12.09,648.0900000000082,302246.09099999967,3.0,26818.94699999946,0.0815004449059688,168.0
2144,2019-03-25 05:00:00,buy,1.0,1313.56,1311.33,1320.25,2019-03-25 18:00:00,1320.25,-0.0,639.0000000000055,302885.09099999967,0.0,26179.94699999946,0.07955857954134748,168.0
2145,2019-03-22 10:30:00,buy,1.0,1310.62,1307.07,1321.2699999999998,2019-03-25 18:15:00,1321.2699999999998,-12.09,1047.0899999999863,303932.18099999963,3.0,25132.856999999494,0.0763765641976209,168.0
2146,2019-03-27 02:15:00,sell,1.0,1315.65,1316.85,1312.0500000000006,2019-03-27 03:15:00,1316.85,0.0,-149.9999999999818,303782.18099999963,0.0,25282.856999999494,0.07683240113767285,169.0
2147,2019-03-26 22:30:00,buy,1.0,1316.85,1313.87,1325.79,2019-03-27 11:45:00,1313.87,-12.09,-315.91000000000184,303466.27099999966,0.0,25598.76699999947,0.07779242412255154,169.0
2148,2019-03-27 02:30:00,buy,1.0,1316.38,1313.87,1323.9100000000008,2019-03-27 11:45:00,1313.87,-0.0,-281.0000000000218,303185.27099999966,0.0,25879.76699999947,0.07864635865691552,169.0
2149,2019-03-27 08:15:00,sell,1.0,1316.17,1317.93,1310.89,2019-03-27 13:45:00,1317.93,0.0,-205.9999999999991,302979.27099999966,0.0,26085.76699999947,0.07927237472125355,169.0
2150,2019-03-26 04:45:00,sell,1.0,1320.63,1323.48,1312.0800000000004,2019-03-27 17:30:00,1312.0800000000004,6.527,818.4729999999727,303797.74399999966,1.0,25267.29399999947,0.07678510653568593,169.0
2151,2019-03-27 13:45:00,buy,1.0,1317.9,1313.87,1329.9900000000007,2019-03-27 17:30:00,1313.87,-0.0,-433.00000000002,303364.74399999966,0.0,25700.29399999947,0.07810095583596924,169.0
2152,2019-03-27 17:15:00,sell,1.0,1315.91,1318.51,1308.1100000000004,2019-03-27 23:15:00,1308.1100000000004,0.0,749.9999999999727,304114.74399999966,0.0,24950.29399999947,0.07582177113570945,169.0
2153,2019-03-28 08:45:00,buy,1.0,1310.64,1307.78,1319.2200000000005,2019-03-28 12:30:00,1307.78,-0.0,-316.00000000001273,303798.74399999966,0.0,25266.29399999947,0.07678206762275225,169.0
2154,2019-03-28 12:15:00,sell,1.0,1309.21,1311.71,1301.71,2019-03-28 16:30:00,1301.71,0.0,720.0,304518.74399999966,0.0,24546.29399999947,0.07459405031050285,169.0
2155,2019-03-20 22:15:00,buy,1.0,1313.93,1300.39,1354.55,2019-03-28 16:45:00,1300.39,-120.9,-1263.0999999999963,303255.6439999997,7.0,25809.393999999447,0.07843250123703362,169.0
2156,2019-04-01 07:30:00,buy,1.0,1293.48,1290.35,1302.8700000000003,2019-04-01 10:00:00,1290.35,-0.0,-343.0000000000109,302912.6439999997,0.0,26152.393999999447,0.07947484837328576,172.0
2157,2019-04-01 10:15:00,sell,1.0,1290.33,1293.69,1280.2499999999995,2019-04-01 16:30:00,1293.69,0.0,-366.00000000001273,302546.6439999997,0.0,26518.393999999447,0.08058709050701253,172.0
2158,2019-04-01 16:30:00,buy,1.0,1292.91,1288.9,1304.94,2019-04-01 21:30:00,1288.9,-0.0,-430.9999999999991,302115.6439999997,0.0,26949.393999999447,0.08189686198142848,172.0
2159,2019-03-29 13:45:00,buy,1.0,1290.98,1287.26,1302.14,2019-04-01 23:45:00,1287.26,-12.09,-389.91000000000275,301725.7339999997,3.0,27339.30399999942,0.08308176452339945,172.0
2160,2019-04-03 11:30:00,sell,1.0,1290.98,1293.47,1283.51,2019-04-03 15:00:00,1293.47,0.0,-279.0000000000009,301446.7339999997,0.0,27618.30399999942,0.0839296212318961,173.0
2161,2019-04-03 14:45:00,buy,1.0,1292.71,1290.87,1298.2300000000005,2019-04-03 17:00:00,1290.87,-0.0,-214.00000000001455,301232.7339999997,0.0,27832.30399999942,0.08457994859970355,173.0
2162,2019-04-04 03:15:00,buy,1.0,1291.23,1289.66,1295.9399999999998,2019-04-04 15:15:00,1289.66,-0.0,-186.99999999999363,301045.7339999997,0.0,28019.30399999942,0.08514822531830166,173.0
2163,2019-04-02 14:00:00,buy,1.0,1288.41,1285.51,1297.1100000000004,2019-04-04 16:30:00,1285.51,-48.36,-271.6400000000091,300774.0939999997,2.0,28290.943999999436,0.08597371562760645,173.0
2164,2019-04-04 13:15:00,sell,1.0,1291.33,1293.27,1285.5099999999998,2019-04-04 16:30:00,1285.5099999999998,0.0,552.0000000000164,301326.0939999997,0.0,27738.943999999436,0.08429623568821526,173.0
2165,2019-04-03 17:15:00,sell,1.0,1289.45,1293.67,1276.79,2019-04-04 23:15:00,1293.67,19.581,-471.58100000000275,300854.5129999997,1.0,28210.52499999944,0.08572932928839289,173.0
2166,2019-04-05 14:45:00,buy,1.0,1290.39,1287.16,1300.0800000000002,2019-04-05 15:45:00,1287.16,-0.0,-353.0000000000018,300501.5129999997,0.0,28563.52499999944,0.08680206555398182,173.0
2167,2019-04-05 15:45:00,sell,1.0,1287.96,1290.39,1280.6699999999998,2019-04-05 16:15:00,1290.39,0.0,-273.00000000000637,300228.5129999997,0.0,28836.52499999944,0.08763168878487637,173.0
2168,2019-04-05 06:00:00,sell,1.0,1290.6,1294.21,1279.7699999999995,2019-04-08 05:00:00,1294.21,6.527,-397.5270000000127,299830.9859999997,2.0,29234.051999999443,0.08883973872666327,175.0
2169,2019-04-01 20:15:00,sell,1.0,1290.33,1296.77,1271.0099999999998,2019-04-08 08:15:00,1296.77,45.689,-719.6890000000054,299111.2969999997,6.0,29953.740999999456,0.09102681093699032,175.0
2170,2019-03-29 22:15:00,sell,1.0,1293.67,1299.39,1276.51,2019-04-08 16:15:00,1299.39,52.216,-654.2160000000027,298457.08099999966,9.0,30607.95699999947,0.09301491640081057,175.0
2171,2019-04-09 10:45:00,sell,1.0,1297.77,1299.59,1292.3100000000002,2019-04-09 11:45:00,1299.59,0.0,-211.99999999999363,298245.08099999966,0.0,30819.95699999947,0.09365916594275066,175.0
2172,2019-04-08 20:30:00,sell,1.0,1297.45,1303.24,1280.0800000000002,2019-04-09 16:15:00,1303.24,6.527,-615.5269999999964,297629.55399999965,0.0,31435.483999999473,0.09552969890407974,175.0
2173,2019-04-09 05:00:00,buy,1.0,1299.08,1296.86,1305.74,2019-04-09 16:15:00,1305.74,-0.0,636.0000000000082,298265.55399999965,0.0,30799.483999999473,0.09359695027825944,175.0
2174,2019-04-10 05:00:00,sell,1.0,1303.53,1304.91,1299.3899999999996,2019-04-10 10:45:00,1304.91,0.0,-168.0000000000109,298097.55399999965,0.0,30967.483999999473,0.09410748765111764,175.0
2175,2019-04-10 10:30:00,buy,1.0,1304.24,1301.41,1312.7299999999998,2019-04-10 16:30:00,1301.41,-0.0,-312.9999999999927,297784.55399999965,0.0,31280.483999999473,0.09505866739935938,175.0
2176,2019-04-10 16:30:00,sell,1.0,1302.95,1305.05,1296.6500000000003,2019-04-10 17:30:00,1305.05,0.0,-239.9999999999909,297544.55399999965,0.0,31520.483999999473,0.0957880065034425,175.0
2177,2019-04-09 12:00:00,buy,1.0,1300.25,1297.77,1307.69,2019-04-10 19:00:00,1307.69,-12.09,726.0900000000055,298270.6439999997,1.0,30794.393999999447,0.09358148221142694,175.0
2178,2019-04-11 10:15:00,buy,1.0,1308.18,1306.09,1314.4500000000005,2019-04-11 11:00:00,1306.09,-0.0,-239.00000000001455,298031.6439999997,0.0,31033.393999999447,0.09430778240257638,175.0
2179,2019-04-10 17:45:00,buy,1.0,1305.61,1302.44,1315.1199999999994,2019-04-11 15:00:00,1302.44,-36.269999999999996,-310.72999999998456,297720.9139999997,0.0,31344.12399999943,0.09525206381845862,175.0
2180,2019-04-11 05:45:00,sell,1.0,1306.92,1308.97,1300.7700000000002,2019-04-11 15:15:00,1300.7700000000002,0.0,584.9999999999864,298305.9139999997,0.0,30759.12399999943,0.09347429975225599,175.0
2181,2019-04-11 11:00:00,sell,1.0,1306.52,1308.18,1301.5399999999997,2019-04-11 15:15:00,1301.5399999999997,0.0,468.00000000002456,298773.9139999997,0.0,30291.12399999943,0.0920520884992939,175.0
2182,2019-04-12 07:45:00,sell,1.0,1291.72,1293.84,1285.3600000000004,2019-04-12 10:00:00,1293.84,0.0,-241.9999999999891,298531.9139999997,0.0,30533.12399999943,0.09278750542924438,175.0
2183,2019-04-12 10:15:00,buy,1.0,1293.56,1291.72,1299.0799999999997,2019-04-12 11:15:00,1291.72,-0.0,-213.99999999999181,298317.9139999997,0.0,30747.12399999943,0.09343783279705184,175.0
2184,2019-04-12 11:30:00,sell,1.0,1291.76,1293.95,1285.1899999999998,2019-04-12 13:00:00,1293.95,0.0,-249.00000000000546,298068.9139999997,0.0,30996.12399999943,0.0941945221175381,175.0
2185,2019-04-12 06:15:00,buy,1.0,1293.84,1290.56,1303.6799999999998,2019-04-12 16:30:00,1290.56,-0.0,-357.99999999999727,297710.9139999997,0.0,31354.12399999943,0.09528245294779542,175.0
2186,2019-04-12 13:00:00,buy,1.0,1293.54,1291.72,1298.9999999999998,2019-04-12 16:30:00,1291.72,-0.0,-211.99999999999363,297498.9139999997,0.0,31566.12399999943,0.09592670248973552,175.0
2187,2019-04-12 16:45:00,sell,1.0,1292.16,1295.05,1283.4900000000005,2019-04-12 18:15:00,1295.05,0.0,-318.99999999998727,297179.9139999997,0.0,31885.12399999943,0.09689611571557934,175.0
2188,2019-04-04 21:15:00,buy,1.0,1289.25,1281.68,1311.9599999999998,2019-04-13 00:45:00,1290.45,-108.81,198.81000000000455,297378.7239999997,8.0,31686.31399999943,0.09629194943523449,175.0
2189,2019-04-05 17:15:00,buy,1.0,1292.33,1285.06,1314.1399999999999,2019-04-13 00:45:00,1290.45,-96.72,-121.27999999998818,297257.4439999997,7.0,31807.5939999994,0.09666050879583107,175.0
